0 1083 381 1592 593 10347 914 428 441 591 731 408 1818 1260 1454 870 749 250 528 601 831 803 1346 1725 1519 1108 1525 1518 1071 2003 479 1837 250 1418 1406 1405 650 728 754 1240 654 716 1912 651 1260 1117 493 1531 373 1167 710 1015 555 361 1809 1005 1374 1195 912 749 309 9958 1370 551 1272 1070 1081 1022 1375 1633 1692 2098 2036 195 1929 630 663 270 1609 363 461 620 600 853 1387 329 1231 1280 1115 1634 1262 1131 863 923 1303 579 569 1180 3868 1139 1332 1042 1315 1080 1348 573 675 990 579 
1083 0 826 934 1357 11237 1055 714 767 633 507 1166 1474 176 924 239 927 1241 638 761 982 876 950 814 1123 401 1024 1122 899 1286 1017 1391 1241 1065 1068 1082 1260 1075 418 793 1237 533 1331 713 176 309 724 1105 870 683 645 2105 1559 858 1363 381 928 668 753 901 1067 9353 767 675 636 682 554 594 354 1421 1156 1084 1239 912 1275 658 854 1265 830 931 665 1230 693 390 1279 864 955 435 772 794 240 916 1046 651 282 1108 1636 994 2848 243 942 584 293 1066 370 1006 1285 1041 803 
381 826 0 1419 825 10557 1046 279 307 458 595 561 1798 976 1281 612 882 560 234 645 963 857 1274 1538 1446 921 1380 1446 1127 1881 561 1715 560 1366 1353 1352 837 915 566 1117 841 528 1790 694 976 908 359 1428 114 1023 626 1367 822 80 1687 818 1252 1022 879 882 462 9669 1183 417 1084 946 894 866 1081 1745 1538 1846 1742 257 1806 527 707 512 1422 333 172 806 297 665 1519 60 1195 1092 1012 1447 968 837 1027 789 1045 732 883 1234 3611 881 1265 908 1021 1244 1099 678 862 1122 322 
1592 934 1419 0 1621 11837 948 1236 1187 1067 941 1531 569 1110 160 986 1202 1626 1253 1037 1030 995 581 422 396 685 292 391 793 638 1308 486 1626 572 575 589 1536 1336 910 534 1496 967 561 989 1110 733 1176 306 1393 513 974 2480 2103 1381 458 788 372 439 740 1104 1432 10099 312 1109 473 547 524 590 1056 516 222 605 1981 1393 578 987 1130 1793 181 1253 1266 1506 1419 860 796 1399 631 565 616 298 1051 1719 1117 717 956 1383 2125 697 2495 902 588 546 1057 928 654 1282 1561 935 1526 
593 1357 825 1621 0 10847 683 716 708 723 838 325 1458 1533 1483 1125 466 384 882 610 600 636 1130 1801 1268 1278 1447 1288 828 1798 339 1625 384 1144 1131 1130 84 285 938 1225 152 900 1707 631 1533 1287 750 1315 771 1168 734 1009 984 759 1604 1176 1360 1224 916 518 363 10316 1399 725 1347 1079 1157 1098 1675 1273 1519 2130 2390 606 1724 714 530 778 1638 544 815 117 1079 1037 1027 769 1015 1450 1046 1689 1598 1485 503 1003 1576 281 914 972 3856 1358 1116 1098 1627 720 1518 356 118 713 1103 
10347 11237 10557 11837 10847 0 11249 10669 10697 10848 10988 10676 12136 11164 11699 11033 11083 10504 10735 10936 11166 11137 11664 11749 11837 11339 11792 11836 11405 12271 10814 12105 10504 11753 11741 11739 10904 10982 10985 11507 10908 10947 12180 10986 11164 11348 10749 11819 10604 11433 11016 9983 9942 10592 12077 11236 11642 11440 11237 11084 10644 8507 11602 10808 11503 11336 11312 11278 10994 11951 11957 12003 10420 10498 12196 10917 10997 10086 11841 10688 10673 10873 10625 11084 11705 10515 11565 11511 11402 11747 10979 10402 11181 11179 11095 10897 10257 11515 13597 11302 11656 11298 10982 11398 11470 10908 10929 11325 10433 
914 1055 1046 948 683 11249 0 906 795 688 558 664 937 1231 810 833 264 802 983 414 82 191 486 1129 659 698 803 658 156 1167 515 1002 802 555 542 541 598 413 647 553 573 702 1076 351 1231 768 786 671 991 495 454 1649 1434 979 974 696 687 552 519 164 605 10309 726 729 713 406 550 501 1373 747 875 1457 2277 852 1093 519 350 1172 965 713 997 568 1244 746 506 998 371 872 373 1016 1295 1551 265 553 1274 445 1332 300 3225 914 472 493 1325 202 993 459 623 76 1327 
428 714 279 1236 716 10669 906 0 137 288 413 452 1632 890 1098 500 742 527 193 505 823 717 1108 1356 1280 738 1198 1280 978 1715 445 1549 527 1205 1192 1191 728 806 384 951 732 346 1624 554 890 747 181 1262 225 841 486 1381 935 212 1521 636 1086 840 726 741 353 9644 1001 240 902 785 712 684 1011 1579 1356 1728 1717 229 1640 386 567 625 1240 217 143 697 406 483 1358 231 1034 910 851 1265 897 812 886 628 933 623 969 1073 3499 769 1099 732 950 1103 978 545 753 982 507 
441 767 307 1187 708 10697 795 137 0 178 317 444 1527 944 1049 553 632 537 247 395 712 607 1003 1326 1175 745 1131 1175 868 1609 438 1444 537 1094 1082 1081 707 785 391 846 712 353 1518 443 944 754 67 1157 253 772 376 1391 962 240 1416 642 980 791 616 631 345 9739 965 137 872 674 682 617 1064 1473 1299 1696 1812 241 1535 276 457 653 1204 209 238 677 502 490 1248 259 924 917 741 1235 950 907 776 518 986 561 981 963 3552 810 994 637 1003 993 985 434 732 872 588 
591 633 458 1067 723 10848 688 288 178 0 208 584 1417 809 929 401 549 677 311 333 605 499 893 1186 1066 569 1022 1065 758 1500 384 1334 677 985 972 971 647 698 214 736 652 176 1409 336 809 577 169 1048 403 662 268 1531 1113 391 1306 466 871 670 507 523 485 9807 831 111 732 565 542 507 951 1364 1186 1558 1845 392 1426 169 397 803 1070 307 324 617 571 313 1138 410 815 740 631 1095 874 975 668 408 852 501 1132 854 3418 634 885 528 903 886 808 374 672 764 672 
731 507 595 941 838 10988 558 413 317 208 0 724 1287 683 803 275 419 816 429 253 475 369 763 1060 936 443 892 935 628 1370 524 1204 816 855 843 841 753 568 88 606 729 144 1279 206 683 451 308 918 543 532 138 1671 1253 531 1176 340 741 544 377 394 625 9751 705 251 606 435 416 377 825 1234 1060 1432 1719 532 1296 151 346 943 944 446 443 723 690 187 1008 549 685 614 501 969 748 992 539 278 726 600 1272 724 3292 508 755 398 777 756 682 498 778 634 791 
408 1166 561 1531 325 10676 664 452 444 584 724 0 1569 1343 1393 953 499 212 618 506 581 553 1096 1698 1269 1153 1413 1268 821 1777 229 1612 212 1168 1156 1155 357 435 799 1152 361 761 1686 549 1343 1162 486 1281 506 1081 626 1067 845 494 1584 1050 1287 1135 826 499 98 10052 1309 544 1245 984 1054 989 1463 1383 1485 2040 2125 346 1703 575 433 606 1548 280 551 327 814 898 1137 505 981 1325 973 1599 1349 1220 613 891 1385 329 743 930 3835 1218 1082 1009 1402 830 1393 323 382 741 839 
1818 1474 1798 569 1458 12136 937 1632 1527 1417 1287 1569 0 1651 670 1382 1201 1673 1648 1340 1020 1114 652 992 466 1094 501 462 854 510 1441 166 1673 643 646 660 1374 1173 1306 708 1333 1362 419 1278 1651 1164 1518 432 1743 851 1296 2440 2293 1731 296 1183 546 880 1044 1100 1509 10669 835 1460 952 852 920 965 1625 583 466 862 2551 1732 436 1326 1277 2067 750 1557 1662 1343 1814 1256 564 1750 739 1090 873 858 1619 2114 955 1057 1526 1239 2203 754 2568 1333 659 922 1626 765 1192 1395 1399 863 1922 
1260 176 976 1110 1533 11164 1231 890 944 809 683 1343 1651 0 1101 416 1103 1418 764 937 1159 1053 1127 991 1299 577 1200 1299 1075 1463 1194 1567 1418 1242 1244 1258 1437 1252 594 970 1413 710 1507 890 0 486 900 1281 1046 859 822 2229 1684 1015 1539 557 1104 845 930 1077 1244 9318 943 851 813 858 730 771 319 1597 1333 1260 1204 1089 1451 835 1030 1390 1006 1108 828 1406 802 566 1455 1014 1132 611 948 971 206 882 1222 827 297 1284 1760 1170 3025 419 1118 760 259 1242 546 1182 1462 1217 915 
1454 924 1281 160 1483 11699 810 1098 1049 929 803 1393 670 1101 0 848 1064 1488 1115 899 892 857 594 519 428 547 194 404 655 745 1170 587 1488 605 607 621 1398 1198 772 396 1358 829 662 851 1101 614 1038 300 1255 375 836 2342 1965 1243 559 650 234 301 602 966 1294 10180 249 971 373 409 386 452 1131 617 345 712 2066 1255 678 849 992 1655 255 1115 1128 1368 1281 722 828 1261 626 536 478 395 1060 1581 980 579 1031 1245 1988 691 2602 783 600 408 1082 821 638 1144 1423 797 1388 
870 239 612 986 1125 11033 833 500 553 401 275 953 1382 416 848 0 695 1028 424 529 750 644 857 985 1030 355 947 1030 738 1445 785 1298 1028 965 952 951 1028 843 186 701 1004 301 1373 481 416 304 510 1012 656 590 413 1897 1351 644 1270 224 835 589 592 669 854 9496 737 443 607 545 461 434 558 1328 1105 1260 1463 698 1390 426 622 1056 962 708 452 998 491 158 1118 651 794 527 611 951 480 791 814 455 458 876 1427 833 3024 276 849 482 509 905 494 773 1053 880 599 
749 927 882 1202 466 11083 264 742 632 549 419 499 1201 1103 1064 695 0 637 821 276 181 217 751 1383 924 860 1068 923 421 1432 349 1267 637 820 807 806 382 274 508 816 356 564 1341 213 1103 869 623 936 828 752 316 1448 1269 816 1239 757 951 806 497 100 439 10171 980 573 929 655 739 679 1245 1012 1140 1711 2138 687 1358 380 185 1007 1219 549 835 351 1082 607 769 834 636 1032 637 1270 1167 1412 245 584 1146 229 1167 565 3490 927 737 680 1197 462 1100 293 407 341 1164 
250 1241 560 1626 384 10504 802 527 537 677 816 212 1673 1418 1488 1028 637 0 693 602 719 717 1260 1791 1433 1246 1534 1433 959 1942 394 1776 0 1333 1320 1319 441 519 892 1249 445 853 1851 652 1418 1254 579 1445 553 1176 719 989 673 541 1748 1143 1383 1229 921 637 304 10115 1404 636 1337 1079 1147 1082 1538 1487 1649 2135 2200 357 1867 668 597 434 1643 372 626 410 780 991 1242 509 1145 1417 1124 1694 1424 1295 718 983 1460 433 571 1094 3999 1296 1246 1102 1477 935 1485 461 466 878 759 
528 638 234 1253 882 10735 983 193 247 311 429 618 1648 764 1115 424 821 693 0 584 900 795 1124 1372 1297 755 1214 1296 1005 1731 611 1565 693 1231 1219 1218 894 972 400 967 898 362 1640 631 764 720 203 1279 307 857 564 1546 1000 273 1537 640 1102 856 802 819 519 9512 1017 256 918 811 728 700 870 1595 1372 1658 1585 357 1656 465 646 691 1256 383 86 863 274 499 1385 273 1061 926 878 1281 756 680 964 704 848 751 1061 1100 3423 693 1115 748 809 1171 911 624 919 1060 375 
601 761 645 1037 610 10936 414 505 395 333 253 506 1340 937 899 529 276 602 584 0 331 226 769 1218 941 695 945 941 496 1423 283 1258 602 841 829 828 530 424 342 660 534 398 1332 62 937 704 386 954 591 587 150 1457 1143 579 1230 592 794 641 332 250 407 10005 815 336 764 490 574 515 1079 1148 1113 1546 1973 461 1349 164 160 859 1054 312 598 500 845 441 909 597 654 867 536 1105 1002 1246 395 419 980 384 1109 603 3436 762 755 515 1031 612 935 257 555 491 927 
831 982 963 1030 600 11166 82 823 712 605 475 581 1020 1159 892 750 181 719 900 331 0 156 569 1210 742 779 886 741 239 1250 432 1085 719 638 625 624 515 330 564 634 490 619 1159 269 1159 807 703 754 908 577 372 1566 1351 896 1057 696 769 633 436 81 522 10226 808 646 795 488 632 583 1301 830 958 1538 2194 769 1176 436 267 1089 1047 630 914 485 1161 663 589 915 454 954 455 1098 1223 1468 182 523 1201 362 1249 383 3308 914 555 575 1252 285 1038 376 540 159 1244 
803 876 857 995 636 11137 191 717 607 499 369 553 1114 1053 857 644 217 717 795 226 156 0 543 1175 715 693 860 715 270 1224 327 1058 717 615 603 601 551 366 458 599 526 513 1133 163 1053 702 598 728 803 541 266 1564 1345 791 1030 590 734 598 330 119 493 10121 772 540 759 452 572 513 1195 922 932 1503 2088 674 1150 330 162 1061 1011 525 808 521 1055 557 683 809 427 865 420 1062 1117 1362 219 417 1096 398 1247 377 3282 808 529 513 1147 392 933 297 576 266 1138 
1346 950 1274 581 1130 11664 486 1108 1003 893 763 1096 652 1127 594 857 751 1260 1124 769 569 543 0 960 205 570 425 205 341 735 870 569 1260 135 138 152 1046 845 782 333 1005 838 644 706 1127 640 994 293 1219 327 766 2112 1888 1207 541 659 420 383 514 651 1037 10304 558 936 559 328 396 441 1263 555 479 1087 2190 1208 660 802 706 1604 722 1027 1138 1015 1290 732 358 1226 140 745 275 848 1191 1590 627 533 1164 932 1791 206 2792 809 99 398 1215 437 866 840 1071 472 1398 
1725 814 1538 422 1801 11749 1129 1356 1326 1186 1060 1698 992 991 519 985 1383 1791 1372 1218 1210 1175 960 0 818 726 673 796 973 656 1489 909 1791 995 998 1012 1717 1516 1029 804 1676 1086 701 1169 991 753 1295 693 1512 693 1112 2645 2222 1500 845 844 732 592 921 1285 1599 9904 433 1228 496 727 644 720 861 939 624 533 1783 1531 645 1125 1310 1912 319 1421 1385 1686 1445 980 1218 1518 975 528 796 180 857 1677 1298 856 762 1564 2261 1018 2297 909 952 698 862 1140 585 1462 1742 1115 1554 
1519 1123 1446 396 1268 11837 659 1280 1175 1066 936 1269 466 1299 428 1030 924 1433 1297 941 742 715 205 818 0 743 259 103 513 549 1042 383 1433 196 199 213 1184 983 954 466 1143 1011 458 879 1299 813 1166 127 1392 499 939 2250 2061 1380 355 832 304 556 687 823 1209 10476 593 1109 710 500 568 614 1435 413 293 901 2362 1381 475 975 878 1776 556 1199 1310 1153 1463 904 419 1398 312 848 447 685 1364 1763 765 705 1336 1049 1963 378 2607 981 212 570 1387 574 950 1013 1209 645 1570 
1108 401 921 685 1278 11339 698 738 745 569 443 1153 1094 577 547 355 860 1246 755 695 779 693 570 726 743 0 646 742 542 1174 953 1011 1246 685 688 702 1194 1009 412 413 1169 469 1086 646 577 91 678 725 895 303 580 2100 1605 882 983 166 548 288 426 762 1054 9754 422 611 300 302 174 226 719 1041 804 1110 1640 937 1103 593 787 1295 655 876 768 1163 839 362 902 901 578 247 395 654 641 1088 862 361 620 1041 1665 617 2979 259 562 204 671 709 368 940 1219 684 946 
1525 1024 1380 292 1447 11792 803 1198 1131 1022 892 1413 501 1200 194 947 1068 1534 1214 945 886 860 425 673 259 646 0 235 658 584 1187 418 1534 436 439 453 1363 1162 872 312 1322 928 493 896 1200 714 1122 132 1348 455 900 2388 2058 1336 390 749 150 401 648 968 1340 10279 379 1065 472 456 486 551 1230 448 209 822 2165 1336 510 930 1023 1748 410 1161 1228 1332 1380 822 659 1354 457 702 506 549 1159 1680 944 661 1131 1249 2033 523 2642 882 432 507 1182 754 803 1157 1388 790 1488 
1518 1122 1446 391 1288 11836 658 1280 1175 1065 935 1268 462 1299 404 1030 923 1433 1296 941 741 715 205 796 103 742 235 0 513 544 1042 379 1433 216 218 232 1203 1003 954 442 1162 1011 453 878 1299 813 1166 103 1392 499 939 2269 2061 1380 351 831 280 556 686 823 1209 10472 569 1109 685 500 568 613 1423 409 288 896 2354 1380 470 974 878 1776 532 1199 1310 1173 1462 904 439 1398 312 824 447 671 1352 1762 784 705 1324 1068 1963 378 2602 981 211 570 1375 594 926 1013 1228 645 1570 
1071 899 1127 793 828 11405 156 978 868 758 628 821 854 1075 655 738 421 959 1005 496 239 270 341 973 513 542 658 513 0 1022 597 856 959 413 401 400 743 543 662 397 703 719 931 433 1075 612 859 526 1073 339 536 1809 1591 1061 828 540 532 396 366 321 761 10198 571 802 557 250 394 345 1217 664 730 1301 2138 944 948 600 432 1329 809 795 1018 713 1171 612 423 1079 226 717 218 860 1140 1471 324 398 1118 602 1489 154 3080 758 327 338 1169 166 838 567 768 142 1278 
2003 1286 1881 638 1798 12271 1167 1715 1609 1500 1370 1777 510 1463 745 1445 1432 1942 1731 1423 1250 1224 735 656 549 1174 584 544 1022 0 1551 388 1942 726 728 743 1713 1513 1388 791 1673 1445 100 1375 1463 1201 1600 514 1826 933 1379 2780 2536 1814 263 1266 628 962 1126 1332 1718 10384 817 1543 944 934 1002 1048 1341 669 549 442 2266 1815 114 1409 1387 2226 650 1639 1744 1683 1897 1338 949 1832 821 982 956 524 1337 2154 1294 1139 1242 1579 2472 887 2057 1363 741 1004 1342 1104 1039 1522 1738 1154 2004 
479 1017 561 1308 339 10814 515 445 438 384 524 229 1441 1194 1170 785 349 394 611 283 432 327 870 1489 1042 953 1187 1042 597 1551 0 1385 394 942 930 928 311 389 599 926 315 561 1460 322 1194 962 435 1055 507 858 421 1241 1022 495 1357 850 1061 912 604 350 170 10046 1086 385 1035 761 845 786 1336 1249 1259 1817 2119 375 1477 374 206 737 1325 228 545 281 808 698 1010 513 754 1125 747 1376 1258 1214 495 690 1236 205 924 704 3609 1018 856 786 1287 713 1193 142 336 591 843 
1837 1391 1715 486 1625 12105 1002 1549 1444 1334 1204 1612 166 1567 587 1298 1267 1776 1565 1258 1085 1058 569 909 383 1011 418 379 856 388 1385 0 1776 560 563 577 1540 1340 1222 625 1500 1279 297 1209 1567 1081 1434 348 1660 768 1213 2606 2370 1648 175 1100 463 797 961 1166 1552 10585 752 1377 868 769 837 882 1542 503 383 740 2467 1649 314 1243 1221 2060 667 1473 1578 1510 1731 1173 731 1667 655 1007 790 775 1535 2031 1121 973 1443 1405 2306 721 2446 1250 575 839 1543 931 1109 1356 1565 988 1839 
250 1241 560 1626 384 10504 802 527 537 677 816 212 1673 1418 1488 1028 637 0 693 602 719 717 1260 1791 1433 1246 1534 1433 959 1942 394 1776 0 1333 1320 1319 441 519 892 1249 445 853 1851 652 1418 1254 579 1445 553 1176 719 989 673 541 1748 1143 1383 1229 921 637 304 10115 1404 636 1337 1079 1147 1082 1538 1487 1649 2135 2200 357 1867 668 597 434 1643 372 626 410 780 991 1242 509 1145 1417 1124 1694 1424 1295 718 983 1460 433 571 1094 3999 1296 1246 1102 1477 935 1485 461 466 878 759 
1418 1065 1366 572 1144 11753 555 1205 1094 985 855 1168 643 1242 605 965 820 1333 1231 841 638 615 135 995 196 685 436 216 413 726 942 560 1333 0 34 48 1059 859 889 448 1018 946 635 779 1242 755 1085 304 1311 442 845 2125 1961 1299 532 767 481 499 592 720 1109 10419 673 1028 674 443 511 556 1378 533 470 1078 2305 1290 652 894 778 1676 733 1105 1245 1029 1398 839 295 1318 187 860 353 862 1306 1697 640 624 1279 924 1863 278 2783 924 123 513 1330 450 981 913 1084 541 1505 
1406 1068 1353 575 1131 11741 542 1192 1082 972 843 1156 646 1244 607 952 807 1320 1219 829 625 603 138 998 199 688 439 218 401 728 930 563 1320 34 0 36 1047 846 876 450 1006 933 637 766 1244 758 1073 306 1299 444 832 2113 1948 1287 535 754 483 501 580 707 1097 10413 676 1016 677 446 514 559 1381 521 472 1080 2307 1277 654 881 765 1664 736 1093 1232 1016 1385 826 282 1305 175 863 341 864 1309 1685 628 612 1281 912 1851 265 2786 926 126 515 1332 437 984 900 1071 528 1493 
1405 1082 1352 589 1130 11739 541 1191 1081 971 841 1155 660 1258 621 951 806 1319 1218 828 624 601 152 1012 213 702 453 232 400 743 928 577 1319 48 36 0 1045 845 875 465 1005 932 652 765 1258 772 1072 321 1298 459 831 2112 1947 1285 549 753 497 515 579 706 1095 10411 690 1014 691 452 528 558 1395 519 486 1095 2321 1276 668 880 764 1663 750 1091 1231 1015 1384 825 281 1304 174 877 339 878 1323 1684 627 611 1296 911 1849 264 2800 941 140 530 1347 436 998 899 1070 527 1491 
650 1260 837 1536 84 10904 598 728 707 647 753 357 1374 1437 1398 1028 382 441 894 530 515 551 1046 1717 1184 1194 1363 1203 743 1713 311 1540 441 1059 1047 1045 0 200 842 1141 67 824 1622 547 1437 1202 698 1230 782 1083 650 1066 1041 770 1520 1091 1275 1140 831 434 375 10328 1314 649 1263 994 1072 1013 1579 1188 1434 2045 2401 622 1639 638 450 834 1553 540 827 33 1091 941 943 781 930 1365 961 1604 1501 1496 418 918 1480 207 971 888 3771 1261 1032 1014 1531 636 1433 282 33 628 1115 
728 1075 915 1336 285 10982 413 806 785 698 568 435 1173 1252 1198 843 274 519 972 424 330 366 845 1516 983 1009 1162 1003 543 1513 389 1340 519 859 846 845 200 0 657 940 174 712 1422 362 1252 1017 776 1030 860 883 465 1266 1119 848 1319 906 1075 939 646 248 452 10319 1114 726 1077 794 887 828 1394 988 1234 1844 2287 700 1439 529 360 912 1353 617 905 170 1168 756 742 859 730 1180 761 1404 1316 1561 218 733 1294 246 1049 687 3571 1076 831 829 1345 435 1248 360 225 428 1193 
754 418 566 910 938 10985 647 384 391 214 88 799 1306 594 772 186 508 892 400 342 564 458 782 1029 954 412 872 954 662 1388 599 1222 892 889 876 875 842 657 0 625 818 115 1297 295 594 421 324 936 541 514 227 1746 1250 528 1194 309 759 513 466 483 700 9662 675 257 576 469 385 358 737 1252 1030 1402 1630 583 1314 240 435 941 914 522 414 812 604 152 1042 547 718 584 535 939 659 904 628 364 637 689 1311 757 3203 455 773 406 688 829 652 587 867 723 711 
1240 793 1117 534 1225 11507 553 951 846 736 606 1152 708 970 396 701 816 1249 967 660 634 599 333 804 466 413 312 442 397 791 926 625 1249 448 450 465 1141 940 625 0 1100 682 700 611 970 483 837 338 1063 170 615 2103 1773 1051 597 502 162 227 363 716 1055 10147 401 780 402 171 239 284 1106 655 480 1087 2033 1051 716 645 752 1463 630 876 981 1110 1133 575 671 1069 347 588 220 691 1034 1433 722 376 1007 997 1748 413 2848 652 324 241 1058 564 709 897 1166 539 1241 
654 1237 841 1496 152 10908 573 732 712 652 729 361 1333 1413 1358 1004 356 445 898 534 490 526 1005 1676 1143 1169 1322 1162 703 1673 315 1500 445 1018 1006 1005 67 174 818 1100 0 828 1582 523 1413 1178 703 1190 787 1042 626 1133 1045 775 1479 1067 1235 1099 807 408 379 10332 1274 653 1238 953 1048 989 1555 1147 1394 2004 2406 626 1598 642 419 839 1512 544 831 34 1095 917 902 785 890 1341 921 1564 1477 1500 378 894 1456 212 975 847 3730 1237 991 989 1507 595 1409 287 92 588 1119 
716 533 528 967 900 10947 702 346 353 176 144 761 1362 710 829 301 564 853 362 398 619 513 838 1086 1011 469 928 1011 719 1445 561 1279 853 946 933 932 824 712 115 682 828 0 1354 350 710 478 286 993 502 571 282 1708 1212 490 1251 366 816 570 521 538 662 9777 732 218 632 526 442 415 852 1309 1086 1458 1745 544 1371 283 491 903 970 483 376 794 623 214 1099 509 775 641 592 995 774 1019 683 419 752 678 1273 814 3318 534 830 463 803 886 709 551 849 778 724 
1912 1331 1790 561 1707 12180 1076 1624 1518 1409 1279 1686 419 1507 662 1373 1341 1851 1640 1332 1159 1133 644 701 458 1086 493 453 931 100 1460 297 1851 635 637 652 1622 1422 1297 700 1582 1354 0 1284 1507 1156 1509 423 1735 842 1288 2689 2445 1723 163 1175 538 871 1035 1241 1627 10429 827 1452 943 843 912 957 1386 578 458 487 2311 1724 109 1318 1296 2135 695 1548 1653 1592 1806 1247 858 1742 730 1027 865 569 1381 2106 1204 1048 1286 1488 2381 796 2157 1324 650 913 1387 1013 1084 1431 1647 1063 1914 
651 713 694 989 631 10986 351 554 443 336 206 549 1278 890 851 481 213 652 631 62 269 163 706 1169 879 646 896 878 433 1375 322 1209 652 779 766 765 547 362 295 611 523 350 1284 0 890 655 434 891 639 538 102 1506 1193 627 1181 544 746 592 284 187 457 9957 767 377 715 441 525 466 1032 1085 1064 1497 1925 511 1300 167 140 909 1006 361 645 516 892 394 846 646 591 818 487 1057 954 1199 332 371 932 394 1159 540 3388 714 692 466 983 549 886 293 572 428 975 
1260 176 976 1110 1533 11164 1231 890 944 809 683 1343 1651 0 1101 416 1103 1418 764 937 1159 1053 1127 991 1299 577 1200 1299 1075 1463 1194 1567 1418 1242 1244 1258 1437 1252 594 970 1413 710 1507 890 0 486 900 1281 1046 859 822 2229 1684 1015 1539 557 1104 845 930 1077 1244 9318 943 851 813 858 730 771 319 1597 1333 1260 1204 1089 1451 835 1030 1390 1006 1108 828 1406 802 566 1455 1014 1132 611 948 971 206 882 1222 827 297 1284 1760 1170 3025 419 1118 760 259 1242 546 1182 1462 1217 915 
1117 309 908 733 1287 11348 768 747 754 577 451 1162 1164 486 614 304 869 1254 720 704 807 702 640 753 813 91 714 813 612 1201 962 1081 1254 755 758 772 1202 1017 421 483 1178 478 1156 655 486 0 687 795 903 373 589 2109 1613 891 1053 175 618 358 496 771 1063 9663 457 619 327 372 244 296 628 1111 872 1137 1549 945 1173 602 796 1304 682 885 748 1172 788 331 972 910 648 246 465 680 550 1037 871 403 528 1050 1674 687 3006 168 632 274 579 779 292 948 1227 754 895 
493 724 359 1176 750 10749 786 181 67 169 308 486 1518 900 1038 510 623 579 203 386 703 598 994 1295 1166 678 1122 1166 859 1600 435 1434 579 1085 1073 1072 698 776 324 837 703 286 1509 434 900 687 0 1148 305 763 367 1433 1015 293 1407 575 971 779 607 622 387 9699 940 128 841 665 651 608 1020 1464 1290 1667 1772 293 1526 267 448 705 1179 251 217 668 464 423 1239 311 915 850 732 1204 907 867 767 509 943 552 1033 954 3509 743 985 628 960 984 917 425 723 863 565 
1531 1105 1428 306 1315 11819 671 1262 1157 1048 918 1281 432 1281 300 1012 936 1445 1279 954 754 728 293 693 127 725 132 103 526 514 1055 348 1445 304 306 321 1230 1030 936 338 1190 993 423 891 1281 795 1148 0 1374 481 927 2297 2073 1362 320 814 176 510 674 836 1221 10369 466 1091 582 482 550 596 1320 378 203 836 2251 1363 440 957 890 1774 429 1187 1292 1200 1445 886 527 1380 325 721 460 568 1249 1745 812 687 1221 1117 1975 390 2572 963 300 552 1272 621 822 1025 1255 657 1552 
373 870 114 1393 771 10604 991 225 253 403 543 506 1743 1046 1255 656 828 553 307 591 908 803 1219 1512 1392 895 1348 1392 1073 1826 507 1660 553 1311 1299 1298 782 860 541 1063 787 502 1735 639 1046 903 305 1374 0 988 572 1415 870 47 1632 792 1197 996 825 827 407 9741 1157 363 1058 891 868 834 1154 1690 1512 1884 1814 207 1752 472 653 560 1396 279 245 752 370 639 1465 137 1141 1066 958 1421 1040 909 972 735 1089 677 930 1180 3655 925 1211 854 1093 1189 1134 623 807 1068 395 
1167 683 1023 513 1168 11433 495 841 772 662 532 1081 851 859 375 590 752 1176 857 587 577 541 327 693 499 303 455 499 339 933 858 768 1176 442 444 459 1083 883 514 170 1042 571 842 538 859 373 763 481 988 0 542 2030 1698 976 740 392 304 116 290 654 982 10037 291 705 292 97 129 174 996 798 623 1021 1922 977 859 571 679 1389 530 803 870 1053 1023 465 665 995 341 478 163 581 924 1323 664 301 896 933 1675 385 2912 541 318 130 947 506 599 832 1108 481 1131 
710 645 626 974 734 11016 454 486 376 268 138 626 1296 822 836 413 316 719 564 150 372 266 766 1112 939 580 900 939 536 1379 421 1213 719 845 832 831 650 465 227 615 626 282 1288 102 822 589 367 927 572 542 0 1573 1252 560 1185 477 750 577 288 290 527 9890 752 309 658 445 468 403 964 1188 1068 1482 1857 560 1304 99 243 968 990 346 577 619 824 326 949 578 674 752 491 1021 886 1131 435 304 865 497 1218 643 3365 646 758 424 916 652 820 395 675 531 907 
1015 2105 1367 2480 1009 9983 1649 1381 1391 1531 1671 1067 2440 2229 2342 1897 1448 989 1546 1457 1566 1564 2112 2645 2250 2100 2388 2269 1809 2780 1241 2606 989 2125 2113 2112 1066 1266 1746 2103 1133 1708 2689 1506 2229 2109 1433 2297 1415 2030 1573 0 545 1403 2586 1997 2237 2084 1775 1484 1159 10009 2258 1491 2192 1933 2001 1936 2334 2254 2501 2989 2494 1211 2705 1522 1444 869 2497 1227 1484 1099 1506 1845 2009 1326 1996 2272 1979 2548 2221 1737 1485 1837 2313 1253 739 1954 4837 2166 2098 1957 2274 1702 2340 1308 1074 1694 1393 
555 1559 822 2103 984 9942 1434 935 962 1113 1253 845 2293 1684 1965 1351 1269 673 1000 1143 1351 1345 1888 2222 2061 1605 2058 2061 1591 2536 1022 2370 673 1961 1948 1947 1041 1119 1250 1773 1045 1212 2445 1193 1684 1613 1015 2073 870 1698 1252 545 0 858 2342 1502 1907 1706 1455 1270 851 9624 1867 1073 1768 1601 1578 1543 1789 2107 2222 2580 1948 738 2462 1172 1205 324 2106 906 938 1011 960 1349 1862 780 1773 1776 1658 2131 1676 1192 1337 1445 1767 1066 335 1722 4345 1620 1874 1564 1729 1554 1838 1094 1060 1511 848 
361 858 80 1381 759 10592 979 212 240 391 531 494 1731 1015 1243 644 816 541 273 579 896 791 1207 1500 1380 882 1336 1380 1061 1814 495 1648 541 1299 1287 1285 770 848 528 1051 775 490 1723 627 1015 891 293 1362 47 976 560 1403 858 0 1620 780 1185 984 813 815 395 9707 1145 351 1046 879 856 821 1120 1678 1500 1872 1781 195 1740 460 641 548 1384 266 211 740 336 627 1452 103 1129 1054 945 1409 1007 875 960 723 1077 665 918 1168 3643 913 1199 842 1059 1177 1122 611 795 1056 361 
1809 1363 1687 458 1604 12077 974 1521 1416 1306 1176 1584 296 1539 559 1270 1239 1748 1537 1230 1057 1030 541 845 355 983 390 351 828 263 1357 175 1748 532 535 549 1520 1319 1194 597 1479 1251 163 1181 1539 1053 1407 320 1632 740 1185 2586 2342 1620 0 1072 435 769 933 1138 1524 10557 724 1349 840 741 809 854 1514 475 355 631 2440 1621 207 1215 1193 2033 639 1445 1550 1489 1703 1145 755 1639 627 979 762 713 1507 2003 1101 945 1415 1385 2278 693 2311 1222 547 811 1515 910 1081 1328 1544 960 1811 
1005 381 818 788 1176 11236 696 636 642 466 340 1050 1183 557 650 224 757 1143 640 592 696 590 659 844 832 166 749 831 540 1266 850 1100 1143 767 754 753 1091 906 309 502 1067 366 1175 544 557 175 575 814 792 392 477 1997 1502 780 1072 0 637 391 394 659 951 9658 548 508 418 346 263 236 700 1130 907 1228 1620 834 1192 490 684 1192 773 773 665 1061 708 251 920 798 596 338 413 772 622 957 760 292 600 938 1562 635 3097 246 651 284 651 707 406 837 1116 682 815 
1374 928 1252 372 1360 11642 687 1086 980 871 741 1287 546 1104 234 835 951 1383 1102 794 769 734 420 732 304 548 150 280 532 628 1061 463 1383 481 483 497 1275 1075 759 162 1235 816 538 746 1104 618 971 176 1197 304 750 2237 1907 1185 435 637 0 361 497 851 1189 10282 420 914 513 305 373 419 1241 493 318 925 2167 1186 554 780 886 1597 468 1010 1115 1245 1268 709 704 1203 434 723 355 607 1169 1568 856 510 1141 1132 1882 500 2686 786 411 375 1192 690 844 1031 1300 674 1375 
1195 668 1022 439 1224 11440 552 840 791 670 544 1135 880 845 301 589 806 1229 856 641 633 598 383 592 556 288 401 556 396 962 912 797 1229 499 501 515 1140 939 513 227 1099 570 871 592 845 358 779 510 996 116 577 2084 1706 984 769 391 361 0 344 708 1036 10001 190 712 201 150 128 193 952 826 559 943 1887 996 888 590 733 1396 429 857 869 1109 1022 464 722 1002 398 434 219 480 881 1322 721 320 853 987 1729 441 2833 527 375 149 904 563 555 885 1164 538 1130 
912 753 879 740 916 11237 519 726 616 507 377 826 1044 930 602 592 497 921 802 332 436 330 514 921 687 426 648 686 366 1126 604 961 921 592 580 579 831 646 466 363 807 521 1035 284 930 496 607 674 825 290 288 1775 1455 813 933 394 497 344 0 399 728 10053 518 550 467 193 277 218 1072 984 816 1249 1993 772 1052 352 425 1170 757 548 816 801 1025 467 746 831 422 601 239 808 994 1325 500 252 972 678 1421 461 3139 612 505 218 1023 532 722 577 856 508 1133 
749 901 882 1104 518 11084 164 741 631 523 394 499 1100 1077 966 669 100 637 819 250 81 119 651 1285 823 762 968 823 321 1332 350 1166 637 720 707 706 434 248 483 716 408 538 1241 187 1077 771 622 836 827 654 290 1484 1270 815 1138 659 851 708 399 0 440 10145 882 565 831 557 640 581 1219 911 1040 1613 2113 687 1258 355 185 1007 1121 549 833 403 1080 581 669 834 535 934 537 1172 1142 1387 145 486 1120 281 1168 465 3390 877 637 582 1171 362 1002 294 458 241 1163 
309 1067 462 1432 363 10644 605 353 345 485 625 98 1509 1244 1294 854 439 304 519 407 522 493 1037 1599 1209 1054 1340 1209 761 1718 170 1552 304 1109 1097 1095 375 452 700 1055 379 662 1627 457 1244 1063 387 1221 407 982 527 1159 851 395 1524 951 1189 1036 728 440 0 9953 1210 445 1146 885 955 890 1364 1323 1425 1941 2026 247 1644 476 373 567 1449 181 452 344 716 799 1078 406 921 1226 913 1500 1250 1121 554 792 1286 270 817 871 3776 1119 1023 910 1303 771 1294 264 399 681 740 
9958 9353 9669 10099 10316 8507 10309 9644 9739 9807 9751 10052 10669 9318 10180 9496 10171 10115 9512 10005 10226 10121 10304 9904 10476 9754 10279 10472 10198 10384 10046 10585 10115 10419 10413 10411 10328 10319 9662 10147 10332 9777 10429 9957 9318 9663 9699 10369 9741 10037 9890 10009 9624 9707 10557 9658 10282 10001 10053 10145 9953 0 10021 9752 9892 10005 9908 9894 9149 10615 10321 10158 8575 9791 10373 9903 10098 9696 9995 9817 9521 10298 9471 9647 10578 9707 10255 9690 10071 9902 9134 9070 10290 9944 9250 10223 9868 10294 10776 9597 10295 9937 9136 10365 9625 10120 10353 10340 9500 
1370 767 1183 312 1399 11602 726 1001 965 831 705 1309 835 943 249 737 980 1404 1017 815 808 772 558 433 593 422 379 569 571 817 1086 752 1404 673 676 690 1314 1114 675 401 1274 732 827 767 943 457 940 466 1157 291 752 2258 1867 1145 724 548 420 190 518 882 1210 10021 0 873 205 325 289 365 972 782 510 779 1907 1170 805 765 907 1557 265 1031 1031 1284 1183 625 896 1164 572 373 394 316 901 1470 895 495 873 1161 1903 616 2669 625 549 324 924 737 474 1060 1339 713 1291 
551 675 417 1109 725 10808 729 240 137 111 251 544 1460 851 971 443 573 636 256 336 646 540 936 1228 1109 611 1065 1109 802 1543 385 1377 636 1028 1016 1014 649 726 257 780 653 218 1452 377 851 619 128 1091 363 705 309 1491 1073 351 1349 508 914 712 550 565 445 9752 873 0 774 608 584 550 993 1407 1228 1600 1825 352 1469 210 398 763 1112 308 270 618 517 355 1182 369 858 782 675 1137 916 920 710 452 894 503 1091 897 3460 676 928 571 945 927 850 376 673 805 617 
1272 636 1084 473 1347 11503 713 902 872 732 606 1245 952 813 373 607 929 1337 918 764 795 759 559 496 710 300 472 685 557 944 1035 868 1337 674 677 691 1263 1077 576 402 1238 632 943 715 813 327 841 582 1058 292 658 2192 1768 1046 840 418 513 201 467 831 1146 9892 205 774 0 306 190 266 843 898 630 881 1778 1077 933 671 856 1458 426 967 932 1232 1084 526 897 1064 573 325 395 424 772 1340 882 402 744 1110 1807 617 2749 495 550 244 795 724 446 1009 1287 699 1192 
1070 682 946 547 1079 11336 406 785 674 565 435 984 852 858 409 545 655 1079 811 490 488 452 328 727 500 302 456 500 250 934 761 769 1079 443 446 452 994 794 469 171 953 526 843 441 858 372 665 482 891 97 445 1933 1601 879 741 346 305 150 193 557 885 10005 325 608 306 0 143 147 995 799 624 1056 1921 880 860 474 582 1291 564 706 825 964 977 419 619 898 295 477 112 615 923 1277 575 204 895 836 1578 334 2946 540 319 123 946 417 598 735 1019 392 1085 
1081 554 894 524 1157 11312 550 712 682 542 416 1054 920 730 386 461 739 1147 728 574 632 572 396 644 568 174 486 568 394 1002 845 837 1147 511 514 528 1072 887 385 239 1048 442 912 525 730 244 651 550 868 129 468 2001 1578 856 809 263 373 128 277 640 955 9908 289 584 190 143 0 76 867 867 644 1016 1793 887 928 481 666 1268 528 777 741 1042 894 335 734 874 410 349 232 553 795 1194 719 212 767 920 1617 454 2897 412 387 54 818 561 470 818 1097 536 1002 
1022 594 866 590 1098 11278 501 684 617 507 377 989 965 771 452 434 679 1082 700 515 583 513 441 720 614 226 551 613 345 1048 786 882 1082 556 559 558 1013 828 358 284 989 415 957 466 771 296 608 596 834 174 403 1936 1543 821 854 236 419 193 218 581 890 9894 365 550 266 147 76 0 913 912 709 1092 1834 822 974 416 607 1234 604 712 714 983 866 308 725 840 402 400 218 629 835 1166 670 147 814 860 1552 440 2973 454 433 47 865 512 521 759 1038 487 974 
1375 354 1081 1056 1675 10994 1373 1011 1064 951 825 1463 1625 319 1131 558 1245 1538 870 1079 1301 1195 1263 861 1435 719 1230 1423 1217 1341 1336 1542 1538 1378 1381 1395 1579 1394 737 1106 1555 852 1386 1032 319 628 1020 1320 1154 996 964 2334 1789 1120 1514 700 1241 952 1072 1219 1364 9149 972 993 843 995 867 913 0 1572 1278 1117 1034 1204 1330 977 1172 1495 952 1228 933 1548 907 708 1595 1120 1271 641 1088 859 130 987 1364 969 149 1426 1866 1310 2882 561 1254 897 94 1384 576 1324 1604 1359 1020 
1633 1421 1745 516 1273 11951 747 1579 1473 1364 1234 1383 583 1597 617 1328 1012 1487 1595 1148 830 922 555 939 413 1041 448 409 664 669 1249 503 1487 533 521 519 1188 988 1252 655 1147 1309 578 1085 1597 1111 1464 378 1690 798 1188 2254 2107 1678 475 1130 493 826 984 911 1323 10615 782 1407 898 799 867 912 1572 0 413 1021 2497 1571 595 1252 1084 1881 697 1447 1608 1158 1761 1202 378 1697 562 1037 745 805 1565 2061 769 1003 1473 1053 2018 562 2727 1279 562 868 1573 579 1139 1206 1213 673 1869 
1692 1156 1538 222 1519 11957 875 1356 1299 1186 1060 1485 466 1333 345 1105 1140 1649 1372 1113 958 932 479 624 293 804 209 288 730 549 1259 383 1649 470 472 486 1434 1234 1030 480 1394 1086 458 1064 1333 872 1290 203 1512 623 1068 2501 2222 1500 355 907 318 559 816 1040 1425 10321 510 1228 630 624 644 709 1278 413 0 727 2203 1504 475 1098 1094 1912 403 1328 1386 1404 1538 980 693 1518 529 765 664 486 1274 1838 1016 828 1179 1321 2179 594 2607 1040 485 665 1279 825 867 1229 1459 861 1646 
2098 1084 1846 605 2130 12003 1457 1728 1696 1558 1432 2040 862 1260 712 1260 1711 2135 1658 1546 1538 1503 1087 533 901 1110 822 896 1301 442 1817 740 2135 1078 1080 1095 2045 1844 1402 1087 2004 1458 487 1497 1260 1137 1667 836 1884 1021 1482 2989 2580 1872 631 1228 925 943 1249 1613 1941 10158 779 1600 881 1056 1016 1092 1117 1021 727 0 1824 1901 454 1495 1638 2284 617 1762 1686 2014 1714 1352 1301 1890 1161 912 1124 463 1113 1933 1626 1226 1018 1892 2634 1227 2070 1263 1093 1055 1118 1456 970 1791 2070 1443 1824 
2036 1239 1742 1981 2390 10420 2277 1717 1812 1845 1719 2125 2551 1204 2066 1463 2138 2200 1585 1973 2194 2088 2190 1783 2362 1640 2165 2354 2138 2266 2119 2467 2200 2305 2307 2321 2401 2287 1630 2033 2406 1745 2311 1925 1204 1549 1772 2251 1814 1922 1857 2494 1948 1781 2440 1620 2167 1887 1993 2113 2026 8575 1907 1825 1778 1921 1793 1834 1034 2497 2203 1824 0 1864 2255 1870 2066 2021 1877 1890 1594 2371 1544 1614 2518 1780 2195 1576 2011 1784 1020 1201 2258 1890 1136 2296 2193 2233 3436 1482 2181 1823 1022 2305 1511 2193 2426 2280 1657 
195 912 257 1393 606 10498 852 229 241 392 532 346 1732 1089 1255 698 687 357 357 461 769 674 1208 1531 1381 937 1336 1380 944 1815 375 1649 357 1290 1277 1276 622 700 583 1051 626 544 1724 511 1089 945 293 1363 207 977 560 1211 738 195 1621 834 1186 996 772 687 247 9791 1170 352 1077 880 887 822 1204 1571 1504 1901 1864 0 1740 461 523 452 1409 223 290 592 518 682 1325 196 1102 1108 946 1440 1090 959 801 723 1131 517 739 1052 3697 967 1199 842 1143 1018 1176 491 647 928 530 
1929 1275 1806 578 1724 12196 1093 1640 1535 1426 1296 1703 436 1451 678 1390 1358 1867 1656 1349 1176 1150 660 645 475 1103 510 470 948 114 1477 314 1867 652 654 668 1639 1439 1314 716 1598 1371 109 1300 1451 1173 1526 440 1752 859 1304 2705 2462 1740 207 1192 554 888 1052 1258 1644 10373 805 1469 933 860 928 974 1330 595 475 454 2255 1740 0 1334 1312 2152 639 1565 1670 1609 1823 1264 875 1758 747 971 882 513 1325 2123 1220 1065 1231 1504 2398 813 2171 1341 667 930 1331 1030 1028 1447 1664 1079 1930 
630 658 527 987 714 10917 519 386 276 169 151 575 1326 835 849 426 380 668 465 164 436 330 802 1125 975 593 930 974 600 1409 374 1243 668 894 881 880 638 529 240 645 642 283 1318 167 835 602 267 957 472 571 99 1522 1172 460 1215 490 780 590 352 355 476 9903 765 210 671 474 481 416 977 1252 1098 1495 1870 461 1334 0 307 872 1003 297 479 607 726 339 1014 478 724 765 540 1034 899 1129 500 317 878 492 1138 707 3378 659 794 437 929 717 833 365 663 595 808 
663 854 707 1130 530 10997 350 567 457 397 346 433 1277 1030 992 622 185 597 646 160 267 162 706 1310 878 787 1023 878 432 1387 206 1221 597 778 765 764 450 360 435 752 419 491 1296 140 1030 796 448 890 653 679 243 1444 1205 641 1193 684 886 733 425 185 373 10098 907 398 856 582 666 607 1172 1084 1094 1638 2066 523 1312 307 0 921 1146 374 660 420 907 534 846 659 590 959 582 1197 1095 1310 331 512 1073 292 1128 539 3444 855 692 607 1124 548 1027 177 475 427 989 
270 1265 512 1793 778 10086 1172 625 653 803 943 606 2067 1390 1655 1056 1007 434 691 859 1089 1061 1604 1912 1776 1295 1748 1776 1329 2226 737 2060 434 1676 1664 1663 834 912 941 1463 839 903 2135 909 1390 1304 705 1774 560 1389 968 869 324 548 2033 1192 1597 1396 1170 1007 567 9696 1557 763 1458 1291 1268 1234 1495 1881 1912 2284 2021 452 2152 872 921 0 1796 621 629 804 668 1040 1636 471 1489 1467 1358 1821 1382 1227 1111 1135 1473 827 405 1438 4051 1325 1590 1254 1435 1328 1535 831 859 1248 634 
1609 830 1422 181 1638 11841 965 1240 1204 1070 944 1548 750 1006 255 962 1219 1643 1256 1054 1047 1011 722 319 556 655 410 532 809 650 1325 667 1643 733 736 750 1553 1353 914 630 1512 970 695 1006 1006 682 1179 429 1396 530 990 2497 2106 1384 639 773 468 429 757 1121 1449 9995 265 1112 426 564 528 604 952 697 403 617 1877 1409 639 1003 1146 1796 0 1270 1270 1523 1422 864 956 1402 754 493 633 194 947 1695 1134 734 853 1400 2142 820 2508 850 729 563 953 976 550 1299 1578 951 1530 
363 931 333 1253 544 10688 713 217 209 307 446 280 1557 1108 1115 708 549 372 383 312 630 525 1027 1421 1199 876 1161 1199 795 1639 228 1473 372 1105 1093 1091 540 617 522 876 544 483 1548 361 1108 885 251 1187 279 803 346 1227 906 266 1445 773 1010 857 548 549 181 9817 1031 308 967 706 777 712 1228 1447 1328 1762 1890 223 1565 297 374 621 1270 0 316 509 580 621 1208 285 935 1048 752 1321 1115 985 694 613 1151 434 872 902 3652 941 1018 731 1168 911 1115 344 564 790 614 
461 665 172 1266 815 10673 997 143 238 324 443 551 1662 828 1128 452 835 626 86 598 914 808 1138 1385 1310 768 1228 1310 1018 1744 545 1578 626 1245 1232 1231 827 905 414 981 831 376 1653 645 828 748 217 1292 245 870 577 1484 938 211 1550 665 1115 869 816 833 452 9521 1031 270 932 825 741 714 933 1608 1386 1686 1594 290 1670 479 660 629 1270 316 0 797 283 513 1398 211 1074 940 891 1295 820 689 978 717 884 722 999 1113 3450 720 1129 762 873 1185 939 637 852 1073 384 
620 1230 806 1506 117 10873 568 697 677 617 723 327 1343 1406 1368 998 351 410 863 500 485 521 1015 1686 1153 1163 1332 1173 713 1683 281 1510 410 1029 1016 1015 33 170 812 1110 34 794 1592 516 1406 1172 668 1200 752 1053 619 1099 1011 740 1489 1061 1245 1109 801 403 344 10298 1284 618 1232 964 1042 983 1548 1158 1404 2014 2371 592 1609 607 420 804 1523 509 797 0 1060 911 912 751 900 1335 931 1574 1471 1466 388 888 1449 177 941 857 3741 1231 1001 983 1500 605 1403 252 57 598 1085 
