0 566 1189 710 1021 408 1906 1006 1282 1136 856 747 279 1307 1396 559 1272 1085 313 1578 593 1895 911 407 466 652 747 250 852 1608 1405 870 749 146 560 601 900 866 1360 1707 1519 1108 1478 1381 1002 2002 340 1863 826 1552 1406 1405 650 726 753 1237 656 648 716 1487 1942 649 1260 1152 495 1533 380 1375 2101 1696 1633 1877 287 1927 611 661 267 1484 284 486 678 596 840 1543 174 1209 1240 1134 1632 1267 4727 875 1301 580 569 1179 3850 1131 1317 1076 1323 1302 580 716 990 579 
566 0 1694 1215 743 906 2371 1560 1765 1663 1361 1162 784 1837 1926 1096 1804 1634 853 2108 911 2276 1326 944 1019 1189 1284 695 1169 1990 1935 1423 1164 629 1109 1106 1315 1307 1802 2240 1960 1662 1983 1823 1417 2467 845 2328 1363 1994 1847 1846 967 1044 1306 1742 974 965 1269 2017 2407 1154 1757 1706 1032 1975 934 1862 2634 2180 2014 2149 792 2392 1116 1122 404 2014 789 1016 996 1031 1394 1925 728 1651 1794 1639 2165 1754 4634 1380 1839 962 3 1594 4400 1685 1758 1581 1810 1856 999 973 1405 937 
1189 1694 0 565 2059 999 754 452 173 172 368 711 964 288 376 737 351 744 1003 558 1198 772 505 885 866 653 571 1029 878 841 386 650 766 1064 914 609 515 546 296 735 455 363 327 323 415 851 909 711 382 489 400 414 1090 891 573 58 1048 1092 631 386 791 548 919 410 788 397 1019 1055 1084 545 716 1772 922 776 577 696 1409 464 919 912 1118 1008 514 776 1051 315 498 189 638 989 5852 314 955 945 1697 378 2891 593 258 124 1016 613 825 1156 488 1190 
710 1215 565 0 1580 647 1282 478 658 518 232 289 498 690 778 318 659 648 563 960 748 1299 452 465 446 236 154 551 481 1171 787 414 317 585 562 151 370 330 781 1094 939 580 854 808 543 1378 451 1239 234 974 833 831 650 467 226 613 625 653 283 869 1318 91 822 624 369 925 579 964 1486 1072 1188 1675 442 1303 98 239 965 866 443 559 678 750 314 1106 611 673 713 510 1020 892 5397 251 864 496 1219 698 3347 639 743 452 925 775 375 717 531 908 
1021 743 2059 1580 0 1401 2689 2005 2114 2057 1726 1476 1136 2202 2291 1505 2198 2113 1348 2473 979 2523 1653 1367 1458 1598 1693 1029 1338 2237 2300 1903 1455 1085 1603 1463 1641 1634 2133 2634 2257 2107 2348 2145 1749 2785 1196 2588 1772 2266 2120 2118 1072 1271 1751 2107 1142 1070 1714 2382 2725 1511 2236 2151 1441 2306 1429 2341 2999 2511 2261 2460 1206 2710 1481 1449 879 2379 1140 1511 1077 1508 1839 2171 1223 1959 2239 1991 2553 2233 4640 1745 2318 1261 746 1897 4826 2165 2089 1946 2289 2301 1326 1039 1702 1400 
408 906 999 647 1401 0 1716 735 1098 879 829 900 474 1037 1126 331 1001 745 137 1321 867 1733 1063 233 222 410 497 485 1080 1688 1149 529 904 424 202 667 981 941 1221 1436 1379 837 1289 1248 1154 1812 469 1673 681 1414 1302 1300 879 955 482 1047 885 881 445 1230 1752 702 893 881 284 1359 149 998 1760 1459 1678 1500 308 1737 601 727 536 1227 419 109 907 273 569 1623 275 1163 970 979 1362 890 4970 847 961 775 910 1225 3509 790 1183 892 946 971 686 945 1142 309 
1906 2371 754 1282 2689 1716 0 1169 692 889 1085 1280 1669 816 768 1454 937 1412 1720 569 1736 395 1073 1601 1582 1370 1288 1746 1404 689 744 1367 1335 1781 1631 1326 1093 1124 615 762 451 1079 441 594 982 178 1626 296 1099 561 631 645 1616 1417 1289 696 1573 1618 1348 532 36 1265 1587 1092 1505 414 1735 1465 569 455 572 2160 1639 182 1294 1281 2126 667 1636 1628 1644 1725 1231 696 1767 742 1115 840 650 1466 6503 1031 1364 1480 2375 805 2175 1310 659 841 1475 1156 1403 1682 1056 1907 
1006 1560 452 478 2005 735 1169 0 551 332 451 704 923 485 564 501 417 382 784 774 1190 1187 699 657 604 423 325 975 896 1142 602 223 758 953 592 593 695 654 674 825 833 165 742 701 609 1265 880 1126 245 867 755 754 1092 908 309 501 1066 1094 367 683 1205 532 557 209 574 812 799 699 1231 912 1131 1410 812 1191 541 680 1190 668 867 635 1120 632 250 1077 831 616 297 432 769 626 5476 397 598 938 1563 678 3078 238 636 345 659 359 817 1158 682 814 
1282 1765 173 658 2114 1098 692 551 0 271 461 683 1057 386 475 835 450 843 1101 612 1161 710 477 983 964 752 670 1122 829 680 484 748 738 1157 1013 702 487 518 123 833 281 461 381 151 387 789 1002 649 481 316 239 253 1041 843 671 221 999 1044 729 471 729 641 1017 508 886 296 1117 1154 1133 501 654 1870 1015 714 670 675 1508 563 1012 1010 1069 1106 613 615 1149 154 596 147 737 1087 5950 407 1053 918 1769 217 2829 692 97 222 1114 712 798 1108 460 1289 
1136 1663 172 518 2057 879 889 332 271 0 364 716 960 190 278 644 193 607 927 460 1202 907 537 801 748 567 469 1028 910 939 288 530 770 1033 794 605 547 578 394 629 553 225 462 421 447 985 905 846 318 587 498 512 1122 923 452 221 1080 1124 510 369 925 544 781 272 718 532 943 918 986 598 851 1634 870 911 573 692 1333 366 920 791 1150 887 394 874 975 413 360 235 540 851 5731 310 817 950 1666 476 2855 456 356 131 878 475 829 1189 520 1070 
856 1361 368 232 1726 829 1085 451 461 364 0 388 632 512 600 502 523 811 760 782 874 1102 460 649 630 418 336 697 579 1023 610 596 441 731 744 276 378 338 585 958 743 482 658 611 490 1181 577 1042 354 777 636 635 775 592 408 416 749 777 465 691 1121 216 986 529 552 728 775 1128 1308 876 1040 1839 589 1106 244 364 1111 688 587 741 803 932 496 958 775 497 617 314 862 1055 5561 54 1027 621 1365 559 3177 661 546 255 1088 733 500 842 539 1104 
747 1162 711 289 1476 900 1280 704 683 716 388 0 486 864 952 571 875 901 816 1134 523 1179 207 719 700 489 407 575 191 893 962 667 98 623 815 248 195 227 711 1311 869 806 968 732 297 1376 526 1237 487 899 752 751 403 205 479 759 361 406 536 1044 1316 198 1076 850 622 883 832 1218 1660 1089 918 1929 632 1301 301 176 1003 1040 523 812 431 1003 567 828 757 537 938 583 1214 1145 5462 406 1117 278 1166 474 3417 892 667 608 1178 1001 282 470 285 1161 
279 784 964 498 1136 474 1669 923 1057 960 632 486 0 1108 1196 423 1116 1040 361 1378 411 1634 650 302 386 516 611 106 625 1347 1206 824 488 154 515 368 639 605 1099 1552 1257 1025 1254 1120 741 1765 60 1626 690 1291 1145 1144 423 499 669 1012 429 425 632 1288 1705 415 1214 1068 359 1272 385 1334 1904 1472 1372 1838 164 1690 399 420 534 1284 55 447 451 612 757 1282 289 948 1157 910 1458 1226 4994 650 1256 319 788 918 3773 1082 1056 851 1282 1219 319 489 729 710 
1307 1837 288 690 2202 1037 816 485 386 190 512 864 1108 0 123 803 153 706 1086 348 1350 833 666 959 906 725 627 1173 1039 1055 170 674 918 1208 952 753 676 707 510 484 588 359 389 536 576 883 1053 773 490 703 613 627 1252 1053 611 336 1209 1254 669 285 852 692 880 308 876 458 1101 910 854 513 777 1635 1042 837 721 840 1492 227 1063 950 1280 1046 553 989 1133 529 353 350 386 845 5890 457 810 1097 1841 591 2723 555 472 266 871 468 977 1318 649 1228 
1396 1926 376 778 2291 1126 768 564 475 278 600 952 1196 123 0 891 213 773 1174 246 1438 786 755 1048 995 814 715 1261 1128 1087 70 753 1006 1296 1041 841 765 796 598 418 541 447 365 625 665 781 1141 726 578 671 701 716 1340 1141 699 424 1297 1342 757 261 805 780 947 387 965 411 1190 975 752 462 730 1699 1130 773 809 928 1580 132 1151 1038 1368 1134 641 1044 1222 617 415 438 315 909 5978 546 874 1186 1929 680 2621 634 560 354 935 470 1065 1406 738 1317 
559 1096 737 318 1505 331 1454 501 835 644 502 571 423 803 891 0 766 669 362 1086 733 1471 734 235 200 175 262 476 763 1411 914 435 581 475 246 344 652 612 959 1201 1117 603 1026 985 825 1550 411 1411 354 1152 1024 1023 657 733 247 785 663 659 210 995 1490 373 843 646 138 1097 378 985 1595 1224 1415 1659 313 1475 278 404 768 992 368 243 685 434 335 1346 410 885 735 701 1127 913 5196 520 885 512 1100 947 3434 660 921 614 946 797 363 723 813 609 
1272 1804 351 659 2198 1001 937 417 450 193 523 875 1116 153 213 766 0 638 1049 458 1361 954 716 923 870 689 591 1169 1067 1118 283 607 929 1174 916 764 726 757 573 478 710 300 510 600 626 943 1064 894 459 766 677 691 1263 1079 574 399 1236 1265 632 406 973 703 813 241 840 580 1065 843 884 634 898 1568 1011 935 721 851 1455 317 1061 913 1291 1009 516 1053 1097 592 285 414 422 777 5853 469 742 1109 1808 655 2731 487 535 310 803 401 988 1329 699 1192 
1085 1634 744 648 2113 745 1412 382 843 607 811 901 1040 706 773 669 638 0 863 921 1359 1479 1059 737 684 592 493 1075 1093 1502 843 241 929 1032 591 763 982 942 966 798 1125 402 1034 993 969 1287 1028 1418 605 1159 1070 1084 1262 1079 421 793 1237 1265 535 959 1447 703 174 430 724 1104 879 352 1082 1162 1423 1027 898 1279 710 851 1265 806 984 635 1290 620 405 1437 911 976 418 793 798 244 5346 757 283 1108 1638 1038 2832 237 928 688 300 326 987 1329 1042 805 
313 853 1003 563 1348 137 1720 784 1101 927 760 816 361 1086 1174 362 1049 863 0 1369 754 1737 979 195 243 455 545 369 967 1677 1197 647 819 287 338 582 897 857 1225 1484 1383 886 1292 1251 1070 1816 364 1677 629 1418 1290 1288 766 842 530 1051 772 768 493 1278 1756 618 1030 929 297 1362 115 1135 1878 1507 1681 1637 196 1741 515 642 483 1275 306 246 794 347 618 1611 139 1151 1018 967 1410 1027 4910 778 1079 662 857 1213 3628 908 1186 880 1083 1080 594 832 1058 349 
1578 2108 558 960 2473 1321 569 774 612 460 782 1134 1378 348 246 1086 458 921 1369 0 1620 586 937 1243 1190 1009 911 1443 1310 887 222 971 1188 1478 1236 1023 947 978 574 389 410 670 343 553 847 622 1323 526 760 520 590 604 1522 1323 894 522 1479 1524 952 251 605 962 1095 633 1160 316 1385 1041 593 240 530 1736 1312 590 991 1110 1775 144 1333 1233 1550 1329 836 844 1417 663 590 620 281 1042 6079 727 940 1367 2111 725 2462 879 606 536 1051 632 1247 1588 920 1512 
593 911 1198 748 979 867 1736 1190 1161 1202 874 523 411 1350 1438 733 1361 1359 754 1620 0 1570 694 695 779 784 866 417 385 1284 1448 1125 502 543 908 609 682 713 1180 1796 1304 1292 1438 1192 784 1832 471 1635 946 1313 1167 1165 119 318 937 1246 189 117 900 1529 1772 657 1533 1336 752 1353 777 1675 2146 1558 1308 2231 557 1757 650 528 775 1526 448 840 156 1004 1024 1219 678 1007 1424 1070 1700 1603 5227 892 1575 282 914 944 3873 1350 1136 1093 1635 1486 367 164 749 1103 
1895 2276 772 1299 2523 1733 395 1187 710 907 1102 1179 1634 833 786 1471 954 1479 1737 586 1570 0 1016 1619 1600 1387 1305 1722 1238 372 762 1384 1277 1770 1648 1343 1101 1142 632 976 469 1097 459 612 925 511 1643 143 1116 578 648 662 1450 1251 1307 713 1407 1452 1365 549 431 1283 1653 1109 1522 432 1753 1628 868 473 589 2322 1656 436 1311 1298 2143 684 1653 1646 1478 1742 1248 379 1785 760 1133 857 863 1626 6586 1048 1527 1314 2280 834 2552 1328 676 858 1637 1187 1421 1516 939 1924 
911 1326 505 452 1653 1063 1073 699 477 537 460 207 650 666 755 734 716 1059 979 937 694 1016 0 882 863 653 570 738 398 729 764 830 262 786 978 411 85 187 503 1113 661 700 761 524 90 1169 690 1030 589 692 545 544 596 412 643 553 568 598 699 846 1109 361 1234 748 785 676 995 1376 1463 882 750 2087 796 1094 464 339 1166 843 687 976 624 1167 730 664 921 330 835 377 1017 1303 5626 479 1275 441 1330 267 3209 909 460 424 1336 951 446 662 78 1324 
407 944 885 465 1367 233 1601 657 983 801 649 719 302 959 1048 235 923 737 195 1243 695 1619 882 0 90 327 419 337 910 1558 1071 521 721 324 212 484 800 759 1107 1358 1265 759 1174 1133 973 1698 290 1558 502 1299 1171 1170 707 783 404 933 713 709 367 1152 1638 521 911 803 170 1244 210 1031 1752 1381 1563 1580 161 1623 418 544 601 1149 247 189 735 353 491 1493 242 1032 891 849 1284 923 5028 668 953 603 948 1095 3502 783 1068 762 980 954 503 773 961 528 
466 1019 866 446 1458 222 1582 604 964 748 630 700 386 906 995 200 870 684 243 1190 779 1600 863 90 0 279 366 428 891 1539 1018 468 702 413 159 465 781 740 1088 1305 1246 706 1155 1114 954 1678 374 1539 483 1280 1152 1151 778 854 351 914 784 780 314 1099 1618 502 858 750 139 1225 259 978 1699 1328 1544 1569 252 1604 399 525 650 1096 331 157 806 342 438 1474 291 1013 838 830 1231 870 5077 649 900 633 1023 1076 3449 730 1049 743 927 901 484 844 942 517 
652 1189 653 236 1598 410 1370 423 752 567 418 489 516 725 814 175 689 592 455 1009 784 1387 653 327 279 0 185 568 681 1327 837 358 517 568 325 301 570 530 875 1124 1033 525 943 902 743 1466 473 1327 270 1068 940 939 708 667 170 701 714 710 133 918 1406 291 766 569 231 1013 470 908 1518 1147 1332 1619 405 1391 248 439 861 915 460 323 736 514 257 1262 502 801 657 618 1050 836 5288 436 808 563 1192 864 3356 583 837 531 868 720 414 774 731 689 
747 1284 571 154 1693 497 1288 325 670 469 336 407 611 627 715 262 591 493 545 911 866 1305 570 419 366 185 0 663 599 1245 738 259 435 663 412 269 488 448 793 1026 951 427 861 820 661 1384 568 1245 188 986 858 857 769 585 72 619 743 771 128 820 1324 209 668 471 326 931 561 810 1420 1048 1249 1521 500 1309 216 357 951 817 555 409 797 600 159 1180 593 719 559 536 951 738 5379 354 709 614 1287 782 3258 485 755 448 770 621 493 835 649 775 
250 695 1029 551 1029 485 1746 975 1122 1028 697 575 106 1173 1261 476 1169 1075 369 1443 417 1722 738 337 428 568 663 0 676 1435 1271 859 576 125 550 434 727 693 1187 1604 1346 1077 1319 1208 829 1842 167 1703 743 1379 1233 1232 474 550 722 1077 480 472 685 1352 1782 482 1249 1121 412 1360 395 1369 1969 1537 1460 1873 176 1767 452 493 505 1349 111 482 502 647 809 1370 260 1036 1209 975 1523 1261 4965 715 1291 407 699 1006 3838 1120 1144 916 1317 1272 407 541 817 718 
852 1169 878 481 1338 1080 1404 896 829 910 579 191 625 1039 1128 763 1067 1093 967 1310 385 1238 398 910 891 681 599 676 0 951 1137 859 289 761 1006 440 387 418 848 1486 971 998 1105 860 464 1500 685 1303 678 981 834 833 265 158 671 926 195 267 728 1196 1440 389 1267 1042 814 1021 991 1409 1836 1226 976 2120 771 1425 493 367 1033 1216 661 1004 293 1195 758 886 896 674 1130 750 1390 1337 5486 598 1309 297 1173 612 3540 1084 804 797 1369 1192 446 331 417 1317 
1608 1990 841 1171 2237 1688 689 1142 680 939 1023 893 1347 1055 1087 1411 1118 1502 1677 887 1284 372 729 1558 1539 1327 1245 1435 951 0 1063 1339 991 1483 1603 1130 814 902 557 1277 583 1123 760 529 639 805 1409 437 1056 528 503 502 1164 965 1262 889 1121 1166 1320 850 711 1080 1676 1170 1462 693 1692 1816 1161 774 373 2529 1493 730 1183 1059 1854 985 1384 1601 1192 1697 1204 93 1618 528 1258 709 1164 1746 6306 968 1715 1028 1993 547 2669 1351 583 844 1776 1373 1175 1230 653 1879 
1405 1935 386 787 2300 1149 744 602 484 288 610 962 1206 170 70 914 283 843 1197 222 1448 762 764 1071 1018 837 738 1271 1137 1063 0 799 1016 1305 1063 851 774 805 608 487 517 498 325 634 674 757 1151 701 588 647 697 711 1350 1151 722 434 1307 1352 780 221 781 790 1018 452 987 387 1213 1045 728 438 706 1770 1140 749 818 938 1603 108 1161 1061 1378 1157 664 1020 1245 627 485 448 379 979 6001 555 944 1195 1939 689 2597 699 569 364 1005 540 1075 1416 747 1340 
870 1423 650 414 1903 529 1367 223 748 530 596 667 824 674 753 435 607 241 647 971 1125 1384 830 521 468 358 259 859 859 1339 799 0 695 817 377 529 748 708 872 967 1030 355 939 898 807 1444 812 1324 407 1065 952 951 1029 845 187 698 1003 1031 301 881 1403 469 416 399 508 1010 663 558 1257 1109 1328 1269 682 1388 476 617 1053 857 769 419 1056 416 171 1274 695 813 487 630 953 486 5260 594 457 874 1427 876 3006 269 834 543 518 449 753 1095 880 599 
749 1164 766 317 1455 904 1335 758 738 770 441 98 488 918 1006 581 929 929 819 1188 502 1277 262 721 702 517 435 576 289 991 1016 695 0 624 819 276 250 280 766 1364 924 860 1023 786 352 1431 528 1292 514 954 807 806 382 276 507 814 354 384 564 1097 1371 225 1103 904 625 938 835 1245 1714 1144 1012 1956 634 1356 328 177 1004 1094 524 816 410 1007 594 925 759 592 992 638 1268 1173 5464 460 1145 228 1167 529 3472 920 722 661 1205 1054 283 448 340 1164 
146 629 1064 585 1085 424 1781 953 1157 1033 731 623 154 1208 1296 475 1174 1032 287 1478 543 1770 786 324 413 568 663 125 761 1483 1305 817 624 0 508 476 775 741 1236 1610 1394 1055 1353 1256 877 1877 215 1738 743 1427 1281 1280 559 635 700 1112 565 561 663 1387 1817 524 1207 1099 411 1408 335 1322 2004 1571 1508 1825 162 1802 486 536 401 1384 159 434 587 598 787 1418 179 1084 1187 1009 1535 1214 4861 750 1248 455 633 1054 3797 1078 1192 951 1270 1249 455 625 865 637 
560 1109 914 562 1603 202 1631 592 1013 794 744 815 515 952 1041 246 916 591 338 1236 908 1648 978 212 159 325 412 550 1006 1603 1063 377 819 508 0 582 896 855 1136 1322 1294 724 1204 1162 1069 1727 503 1588 596 1329 1216 1215 894 970 397 962 900 897 360 1145 1667 617 714 768 199 1274 351 819 1607 1374 1592 1413 373 1652 515 642 739 1142 459 99 922 201 484 1538 386 1077 856 894 1277 711 5038 762 796 749 1112 1140 3356 638 1098 807 767 819 601 961 1057 377 
601 1106 609 151 1463 667 1326 593 702 605 276 248 368 753 841 344 764 763 582 1023 609 1343 411 484 465 301 269 434 440 1130 851 529 276 476 582 0 329 289 783 1199 941 695 899 804 502 1422 312 1283 348 975 829 828 530 426 341 657 536 532 398 932 1362 60 937 739 388 956 598 1079 1549 1116 1148 1790 402 1347 103 158 856 929 322 579 558 770 429 1065 570 632 827 554 1103 1007 5316 295 979 385 1110 657 3418 754 740 496 1040 889 236 596 490 927 
900 1315 515 370 1641 981 1093 695 487 547 378 195 639 676 765 652 726 982 897 947 682 1101 85 800 781 570 488 727 387 814 774 748 250 775 896 329 0 101 524 1123 682 710 781 545 175 1189 608 1050 507 716 569 568 584 400 560 563 557 586 617 856 1129 279 1157 758 703 697 913 1299 1473 902 835 2010 719 1114 382 258 1155 853 639 893 612 1084 648 749 887 373 845 387 1027 1226 5615 396 1198 430 1318 352 3230 904 480 433 1259 961 380 650 163 1242 
866 1307 546 330 1634 941 1124 654 518 578 338 227 605 707 796 612 757 942 857 978 713 1142 187 759 740 530 448 693 418 902 805 708 280 741 855 289 101 0 555 1154 713 741 812 576 276 1220 568 1081 467 747 600 599 614 431 520 594 588 617 577 887 1160 238 1116 789 663 728 873 1258 1504 933 919 1969 679 1145 342 217 1121 884 599 853 642 1044 608 837 847 404 876 418 1058 1186 5581 356 1158 460 1311 429 3261 864 511 464 1219 951 340 681 264 1202 
1360 1802 296 781 2133 1221 615 674 123 394 585 711 1099 510 598 959 573 966 1225 574 1180 632 503 1107 1088 875 793 1187 848 557 608 872 766 1236 1136 783 524 555 0 945 183 585 358 28 413 711 1063 572 604 192 116 130 1060 861 795 345 1018 1062 853 449 651 733 1141 632 1010 273 1241 1277 1068 460 533 1994 1138 636 793 712 1616 583 1094 1134 1088 1230 736 492 1273 173 720 271 837 1211 6074 530 1177 945 1805 236 2752 815 92 346 1238 835 834 1127 486 1412 
1707 2240 735 1094 2634 1436 762 825 833 629 958 1311 1552 484 418 1201 478 798 1484 389 1796 976 1113 1358 1305 1124 1026 1604 1486 1277 487 967 1364 1610 1322 1199 1123 1154 945 0 800 708 699 925 1023 637 1499 916 895 910 979 994 1698 1500 1010 783 1656 1701 1068 606 799 1139 972 637 1275 672 1500 843 513 610 920 1537 1447 628 1156 1287 1891 384 1496 1349 1726 1352 951 1234 1532 975 549 797 164 843 5881 904 742 1544 2243 1038 2262 883 918 713 852 559 1423 1765 1096 1536 
1519 1960 455 939 2257 1379 451 833 281 553 743 869 1257 588 541 1117 710 1125 1383 410 1304 469 661 1265 1246 1033 951 1346 971 583 517 1030 924 1394 1294 941 682 713 183 800 0 743 214 162 571 548 1221 409 762 149 199 213 1184 985 953 469 1141 1186 1011 305 488 891 1299 790 1168 129 1399 1435 904 297 413 2146 1296 473 951 870 1774 439 1252 1292 1212 1388 894 540 1431 331 878 429 687 1369 6232 688 1335 1048 1963 394 2588 974 227 504 1396 943 992 1250 644 1570 
1108 1662 363 580 2107 837 1079 165 461 225 482 806 1025 359 447 603 300 402 886 670 1292 1097 700 759 706 525 427 1077 998 1123 498 355 860 1055 724 695 710 741 585 708 743 0 652 611 610 1173 982 1036 346 777 688 702 1194 1010 411 411 1168 1196 469 580 1116 634 577 120 676 722 901 719 1114 808 1041 1430 914 1101 643 782 1292 551 969 750 1222 764 352 1058 933 597 207 414 652 647 5608 428 618 1040 1665 660 2961 251 546 306 679 323 919 1260 683 946 
1478 1983 327 854 2348 1289 441 742 381 462 658 968 1254 389 365 1026 510 1034 1292 343 1438 459 761 1174 1155 943 861 1319 1105 760 325 939 1023 1353 1204 899 781 812 358 699 214 652 0 337 670 537 1199 398 672 344 394 408 1318 1119 862 269 1275 1320 920 160 478 838 1208 665 1077 84 1308 1268 864 232 403 1993 1211 463 866 969 1699 336 1209 1201 1346 1297 804 717 1340 431 710 465 591 1202 6141 603 1167 1203 1987 493 2578 883 374 413 1228 825 1091 1384 744 1480 
1381 1823 323 808 2145 1248 594 701 151 421 611 732 1120 536 625 985 600 993 1251 553 1192 612 524 1133 1114 902 820 1208 860 529 634 898 786 1256 1162 804 545 576 28 925 162 611 337 0 434 691 1084 551 631 172 88 102 1073 874 821 371 1030 1075 879 428 631 754 1167 658 1036 253 1267 1304 1047 440 512 2020 1164 616 820 733 1636 563 1114 1160 1100 1256 763 464 1299 194 746 297 817 1237 6100 556 1203 936 1826 257 2731 842 64 372 1264 862 855 1139 507 1439 
1002 1417 415 543 1749 1154 982 609 387 447 490 297 741 576 665 825 626 969 1070 847 784 925 90 973 954 743 661 829 464 639 674 807 352 877 1069 502 175 276 413 1023 571 610 670 434 0 1078 781 939 524 601 454 453 676 477 729 463 634 678 787 756 1018 452 1144 658 876 585 1086 1286 1373 791 659 1997 887 1003 555 430 1257 753 778 1066 704 1164 671 573 1012 239 746 287 927 1214 5717 436 1185 532 1421 176 3119 819 369 334 1246 861 537 743 73 1347 
2002 2467 851 1378 2785 1812 178 1265 789 985 1181 1376 1765 883 781 1550 943 1287 1816 622 1832 511 1169 1698 1678 1466 1384 1842 1500 805 757 1444 1431 1877 1727 1422 1189 1220 711 637 548 1173 537 691 1078 0 1722 413 1195 657 727 741 1712 1513 1386 792 1670 1714 1444 628 214 1361 1461 1109 1601 510 1832 1340 444 552 668 2034 1735 111 1390 1377 2222 679 1732 1725 1740 1821 1327 812 1863 839 1020 936 525 1341 6378 1127 1239 1576 2471 901 2040 1354 755 937 1349 1031 1499 1778 1152 2003 
340 845 909 451 1196 469 1626 880 1002 905 577 526 60 1053 1141 411 1064 1028 364 1323 471 1643 690 290 374 473 568 167 685 1409 1151 812 528 215 503 312 608 568 1063 1499 1221 982 1199 1084 781 1722 0 1583 648 1255 1108 1107 483 559 627 957 489 486 590 1232 1662 360 1202 1026 347 1235 380 1322 1849 1417 1427 1826 169 1647 353 372 595 1229 90 436 511 600 714 1344 338 912 1114 855 1403 1214 5055 595 1244 380 848 936 3718 1039 1019 796 1271 1176 300 550 769 709 
1863 2328 711 1239 2588 1673 296 1126 649 846 1042 1237 1626 773 726 1411 894 1418 1677 526 1635 143 1030 1558 1539 1327 1245 1703 1303 437 701 1324 1292 1738 1588 1283 1050 1081 572 916 409 1036 398 551 939 413 1583 0 1056 518 588 602 1515 1316 1247 653 1472 1517 1305 489 332 1222 1593 1049 1462 371 1693 1568 769 413 529 2262 1596 338 1251 1238 2083 624 1593 1586 1543 1682 1188 444 1724 700 1072 797 803 1566 6525 988 1467 1379 2332 762 2453 1267 616 798 1577 1127 1360 1581 1004 1864 
826 1363 382 234 1772 681 1099 245 481 318 354 487 690 490 578 354 459 605 629 760 946 1116 589 502 483 270 188 743 678 1056 588 407 514 743 596 348 507 467 604 895 762 346 672 631 524 1195 648 1056 0 797 669 668 848 665 261 430 822 850 317 669 1135 289 779 390 405 742 645 921 1286 890 1061 1632 580 1120 296 437 1035 666 635 594 876 765 271 991 677 530 479 347 820 849 5463 311 821 694 1367 593 3148 454 566 260 881 541 572 914 596 947 
1552 1994 489 974 2266 1414 561 867 316 587 777 899 1291 703 671 1152 766 1159 1418 520 1313 578 692 1299 1280 1068 986 1379 981 528 647 1065 954 1427 1329 975 716 747 192 910 149 777 344 172 601 657 1255 518 797 0 208 222 1193 994 988 537 1151 1195 1046 435 597 925 1334 825 1203 259 1434 1470 1014 406 435 2187 1331 582 986 904 1807 569 1285 1327 1221 1423 929 486 1465 365 913 463 796 1404 6266 723 1370 1057 1997 424 2698 1008 236 539 1431 1028 1026 1259 675 1605 
1406 1847 400 833 2120 1302 631 755 239 498 636 752 1145 613 701 1024 677 1070 1290 590 1167 648 545 1171 1152 940 858 1233 834 503 697 952 807 1281 1216 829 569 600 116 979 199 688 394 88 454 727 1108 588 669 208 0 36 1047 848 875 448 1004 1049 933 484 667 778 1244 735 1075 309 1306 1381 1083 476 521 2097 1190 652 845 757 1661 619 1139 1214 1075 1310 817 438 1337 219 823 322 866 1314 6121 581 1280 911 1851 278 2768 919 141 449 1341 938 879 1113 528 1493 
1405 1846 414 831 2118 1300 645 754 253 512 635 751 1144 627 716 1023 691 1084 1288 604 1165 662 544 1170 1151 939 857 1232 833 502 711 951 806 1280 1215 828 568 599 130 994 213 702 408 102 453 741 1107 602 668 222 36 0 1046 847 874 462 1003 1048 932 499 681 777 1258 749 1073 323 1304 1395 1098 490 520 2111 1188 666 843 756 1660 633 1138 1213 1073 1309 815 437 1336 217 837 321 880 1328 6119 580 1294 909 1850 276 2782 933 155 456 1355 953 878 1112 527 1491 
650 967 1090 650 1072 879 1616 1092 1041 1122 775 403 423 1252 1340 657 1263 1262 766 1522 119 1450 596 707 778 708 769 474 265 1164 1350 1029 382 559 894 530 584 614 1060 1698 1184 1194 1318 1073 676 1712 483 1515 848 1193 1047 1046 0 198 841 1138 69 2 824 1409 1652 559 1437 1238 700 1233 789 1579 2048 1438 1188 2243 569 1637 570 437 831 1428 460 852 36 1016 928 1099 694 887 1326 962 1602 1507 5284 794 1478 209 971 824 3753 1254 1016 995 1539 1388 293 75 629 1115 
726 1044 891 467 1271 955 1417 908 843 923 592 205 499 1053 1141 733 1079 1079 842 1323 318 1251 412 783 854 667 585 550 158 965 1151 845 276 635 970 426 400 431 861 1500 985 1010 1119 874 477 1513 559 1316 665 994 848 847 198 0 657 939 170 200 714 1210 1453 375 1253 1054 776 1034 865 1395 1849 1240 989 2106 645 1438 479 353 908 1229 536 928 226 1092 745 900 770 688 1142 763 1403 1323 5360 610 1295 243 1047 625 3554 1070 818 810 1356 1205 369 265 430 1191 
753 1306 573 226 1751 482 1289 309 671 452 408 479 669 611 699 247 574 421 530 894 937 1307 643 404 351 170 72 722 671 1262 722 187 507 700 397 341 560 520 795 1010 953 411 862 821 729 1386 627 1247 261 988 875 874 841 657 0 621 815 843 114 804 1326 281 596 455 321 932 546 738 1403 1032 1251 1449 558 1311 288 429 936 801 614 394 869 530 138 1197 578 736 543 553 935 666 5374 427 637 687 1310 799 3186 449 756 465 698 605 565 907 721 713 
1237 1742 58 613 2107 1047 696 501 221 221 416 759 1012 336 424 785 399 793 1051 522 1246 713 553 933 914 701 619 1077 926 889 434 698 814 1112 962 657 563 594 345 783 469 411 269 371 463 792 957 653 430 537 448 462 1138 939 621 0 1096 1140 679 327 732 597 967 458 836 339 1067 1103 1093 486 657 1820 970 717 625 744 1457 505 967 960 1166 1056 562 824 1099 363 546 237 686 1037 5900 362 1003 994 1745 426 2833 642 306 172 1064 661 873 1205 536 1238 
656 974 1048 625 1142 885 1573 1066 999 1080 749 361 429 1209 1297 663 1236 1237 772 1479 189 1407 568 713 784 714 743 480 195 1121 1307 1003 354 565 900 536 557 588 1018 1656 1141 1168 1275 1030 634 1670 489 1472 822 1151 1004 1003 69 170 815 1096 0 71 830 1366 1610 533 1411 1211 706 1190 795 1553 2005 1396 1146 2249 575 1595 576 409 838 1386 466 858 97 1022 902 1056 700 844 1300 919 1560 1481 5290 767 1453 215 977 781 3710 1228 974 966 1513 1362 299 135 586 1121 
648 965 1092 653 1070 881 1618 1094 1044 1124 777 406 425 1254 1342 659 1265 1265 768 1524 117 1452 598 709 780 710 771 472 267 1166 1352 1031 384 561 897 532 586 617 1062 1701 1186 1196 1320 1075 678 1714 486 1517 850 1195 1049 1048 2 200 843 1140 71 0 826 1411 1654 561 1439 1240 702 1235 791 1581 2050 1441 1190 2245 571 1639 572 439 829 1430 462 854 39 1019 930 1101 696 889 1328 964 1604 1509 5282 796 1481 211 969 826 3755 1256 1019 997 1541 1390 295 77 631 1117 
716 1269 631 283 1714 445 1348 367 729 510 465 536 632 669 757 210 632 535 493 952 900 1365 699 367 314 133 128 685 728 1320 780 301 564 663 360 398 617 577 853 1068 1011 469 920 879 787 1444 590 1305 317 1046 933 932 824 714 114 679 830 826 0 862 1384 338 710 513 284 990 509 852 1462 1090 1309 1563 522 1369 345 486 900 859 577 358 852 548 201 1255 541 794 601 611 993 779 5327 483 751 679 1273 857 3300 526 815 524 812 663 530 891 778 724 
1487 2017 386 869 2382 1230 532 683 471 369 691 1044 1288 285 261 995 406 959 1278 251 1529 549 846 1152 1099 918 820 1352 1196 850 221 881 1097 1387 1145 932 856 887 449 606 305 580 160 428 756 628 1232 489 669 435 484 499 1409 1210 804 327 1366 1411 862 0 568 872 1133 561 1069 175 1294 1164 789 228 494 1888 1221 553 900 1020 1685 233 1242 1143 1437 1239 745 808 1326 522 606 523 498 1098 6083 637 1063 1277 2021 584 2658 808 464 446 1124 721 1156 1475 829 1421 
1942 2407 791 1318 2725 1752 36 1205 729 925 1121 1316 1705 852 805 1490 973 1447 1756 605 1772 431 1109 1638 1618 1406 1324 1782 1440 711 781 1403 1371 1817 1667 1362 1129 1160 651 799 488 1116 478 631 1018 214 1662 332 1135 597 667 681 1652 1453 1326 732 1610 1654 1384 568 0 1301 1621 1128 1541 450 1772 1500 599 492 608 2194 1675 218 1330 1317 2162 703 1672 1665 1680 1761 1267 718 1804 779 1151 876 686 1500 6538 1067 1399 1516 2411 841 2138 1346 695 877 1509 1192 1439 1718 1092 1943 
649 1154 548 91 1511 702 1265 532 641 544 216 198 415 692 780 373 703 703 618 962 657 1283 361 521 502 291 209 482 389 1080 790 469 225 524 617 60 279 238 733 1139 891 634 838 754 452 1361 360 1222 289 925 778 777 559 375 281 597 533 561 338 872 1301 0 877 678 424 906 634 1020 1488 1056 1097 1731 446 1287 103 147 904 869 370 614 587 805 369 1014 618 582 766 494 1043 947 5364 234 919 405 1157 606 3357 694 689 436 980 829 284 625 439 963 
1260 1757 919 822 2236 893 1587 557 1017 781 986 1076 1214 880 947 843 813 174 1030 1095 1533 1653 1234 911 858 766 668 1249 1267 1676 1018 416 1103 1207 714 937 1157 1116 1141 972 1299 577 1208 1167 1144 1461 1202 1593 779 1334 1244 1258 1437 1253 596 967 1411 1439 710 1133 1621 877 0 605 899 1279 1042 319 1257 1336 1597 994 1073 1453 885 1025 1387 981 1159 809 1465 727 579 1611 1085 1150 592 967 973 211 5313 931 296 1283 1761 1213 3006 412 1103 862 267 501 1161 1503 1217 915 
1152 1706 410 624 2151 881 1092 209 508 272 529 850 1068 308 387 646 241 430 929 633 1336 1109 748 803 750 569 471 1121 1042 1170 452 399 904 1099 768 739 758 789 632 637 790 120 665 658 658 1109 1026 1049 390 825 735 749 1238 1054 455 458 1211 1240 513 561 1128 678 605 0 720 735 945 646 1043 790 1054 1370 958 1101 686 826 1336 491 1013 794 1266 808 396 1105 977 644 88 461 592 580 5651 475 545 1083 1709 707 2890 279 593 353 606 203 963 1304 731 990 
495 1032 788 369 1441 284 1505 574 886 718 552 622 359 876 965 138 840 724 297 1160 752 1522 785 170 139 231 326 412 814 1462 987 508 625 411 199 388 703 663 1010 1275 1168 676 1077 1036 876 1601 347 1462 405 1203 1075 1073 700 776 321 836 706 702 284 1069 1541 424 899 720 0 1147 313 1019 1669 1295 1466 1612 248 1526 321 448 704 1066 304 197 728 388 408 1396 345 936 808 752 1201 911 5131 571 940 555 1035 998 3489 734 971 665 967 870 406 766 864 563 
1533 1975 397 925 2306 1359 414 812 296 532 728 883 1272 458 411 1097 580 1104 1362 316 1353 432 676 1244 1225 1013 931 1360 1021 693 387 1010 938 1408 1274 956 697 728 273 672 129 722 84 253 585 510 1235 371 742 259 309 323 1233 1034 932 339 1190 1235 990 175 450 906 1279 735 1147 0 1378 1318 837 205 376 2018 1282 436 937 885 1769 309 1266 1271 1261 1367 874 650 1410 346 758 443 564 1252 6211 673 1217 1118 1978 409 2551 953 289 484 1278 813 1007 1299 659 1550 
380 934 1019 579 1429 149 1735 799 1117 943 775 832 385 1101 1190 378 1065 879 115 1385 777 1753 995 210 259 470 561 395 991 1692 1213 663 835 335 351 598 913 873 1241 1500 1399 901 1308 1267 1086 1832 380 1693 645 1434 1306 1304 789 865 546 1067 795 791 509 1294 1772 634 1042 945 313 1378 0 1147 1894 1523 1697 1649 219 1757 531 658 564 1291 329 258 817 359 633 1627 205 1166 1034 983 1426 1039 4991 794 1095 685 937 1229 3643 924 1202 896 1095 1096 609 856 1074 388 
1375 1862 1055 964 2341 998 1465 699 1154 918 1128 1218 1334 910 975 985 843 352 1135 1041 1675 1628 1376 1031 978 908 810 1369 1409 1816 1045 558 1245 1322 819 1079 1299 1258 1277 843 1435 719 1268 1304 1286 1340 1322 1568 921 1470 1381 1395 1579 1395 738 1103 1553 1581 852 1164 1500 1020 319 646 1019 1318 1147 0 1114 1282 1572 819 1193 1332 1027 1167 1492 1008 1279 919 1607 832 721 1751 1200 1290 622 1107 861 136 5143 1073 148 1425 1866 1352 2864 554 1239 999 84 530 1303 1645 1359 1020 
2101 2634 1084 1486 2999 1760 569 1231 1133 986 1308 1660 1904 854 752 1595 884 1082 1878 593 2146 868 1463 1752 1699 1518 1420 1969 1836 1161 728 1257 1714 2004 1607 1549 1473 1504 1068 513 904 1114 864 1047 1373 444 1849 769 1286 1014 1083 1098 2048 1849 1403 1093 2005 2050 1462 789 599 1488 1257 1043 1669 837 1894 1114 0 734 1024 1692 1838 459 1517 1636 2285 650 1859 1650 2076 1636 1345 1168 1926 1183 955 1146 468 1115 6150 1254 1014 1894 2637 1246 2029 1253 1112 1062 1124 965 1773 2114 1446 1821 
1696 2180 545 1072 2511 1459 455 912 501 598 876 1089 1472 513 462 1224 634 1162 1507 240 1558 473 882 1381 1328 1147 1048 1537 1226 774 438 1109 1144 1571 1374 1116 902 933 460 610 297 808 232 440 791 552 1417 413 890 406 476 490 1438 1240 1032 486 1396 1441 1090 228 492 1056 1336 790 1295 205 1523 1282 734 0 417 1977 1429 477 1084 1090 1913 360 1427 1371 1466 1467 974 731 1555 551 809 649 492 1283 6320 821 1181 1323 2184 614 2592 1036 494 631 1292 863 1212 1505 865 1650 
1633 2014 716 1188 2261 1678 572 1131 654 851 1040 918 1372 777 730 1415 898 1423 1681 530 1308 589 750 1563 1544 1332 1249 1460 976 373 706 1328 1012 1508 1592 1148 835 919 533 920 413 1041 403 512 659 668 1427 529 1061 435 521 520 1188 989 1251 657 1146 1190 1309 494 608 1097 1597 1054 1466 376 1697 1572 1024 417 0 2267 1538 593 1200 1076 1878 628 1408 1590 1216 1686 1193 330 1643 545 1077 726 807 1571 6331 986 1471 1052 2018 565 2709 1272 577 802 1582 1131 1196 1254 673 1868 
1877 2149 1772 1675 2460 1500 2160 1410 1870 1634 1839 1929 1838 1635 1699 1659 1568 1027 1637 1736 2231 2322 2087 1580 1569 1619 1521 1873 2120 2529 1770 1269 1956 1825 1413 1790 2010 1969 1994 1537 2146 1430 1993 2020 1997 2034 1826 2262 1632 2187 2097 2111 2243 2106 1449 1820 2249 2245 1563 1888 2194 1731 994 1370 1612 2018 1649 819 1692 1977 2267 0 1697 2026 1738 1878 1971 1718 1783 1436 2271 1311 1432 2464 1703 2003 1347 1820 1556 815 4694 1784 919 2136 2152 2066 3288 1265 1956 1715 811 1255 2014 2309 2070 1499 
287 792 922 442 1206 308 1639 812 1015 870 589 632 164 1042 1130 313 1011 898 196 1312 557 1656 796 161 252 405 500 176 771 1493 1140 682 634 162 373 402 719 679 1138 1447 1296 914 1211 1164 887 1735 169 1596 580 1331 1190 1188 569 645 558 970 575 571 522 1221 1675 446 1073 958 248 1282 219 1193 1838 1429 1538 1697 0 1660 344 462 542 1218 109 306 597 470 646 1428 189 1022 1046 867 1372 1085 4975 608 1114 465 796 1047 3663 944 1100 809 1141 1108 412 635 875 545 
1927 2392 776 1303 2710 1737 182 1191 714 911 1106 1301 1690 837 773 1475 935 1279 1741 590 1757 436 1094 1623 1604 1391 1309 1767 1425 730 749 1388 1356 1802 1652 1347 1114 1145 636 628 473 1101 463 616 1003 111 1647 338 1120 582 652 666 1637 1438 1311 717 1595 1639 1369 553 218 1287 1453 1101 1526 436 1757 1332 459 477 593 2026 1660 0 1315 1302 2147 671 1657 1650 1665 1746 1252 737 1789 764 1012 861 517 1333 6370 1052 1231 1501 2396 826 2151 1332 680 862 1341 1023 1425 1704 1077 1928 
611 1116 577 98 1481 601 1294 541 670 573 244 301 399 721 809 278 721 710 515 991 650 1311 464 418 399 248 216 452 493 1183 818 476 328 486 515 103 382 342 793 1156 951 643 866 820 555 1390 353 1251 296 986 845 843 570 479 288 625 576 572 345 900 1330 103 885 686 321 937 531 1027 1517 1084 1200 1738 344 1315 0 198 866 897 344 513 598 704 376 1118 530 685 775 522 1071 954 5316 263 926 425 1120 710 3386 701 755 464 987 837 277 637 543 860 
661 1122 696 239 1449 727 1281 680 675 692 364 176 420 840 928 404 851 851 642 1110 528 1298 339 544 525 439 357 493 367 1059 938 617 177 536 642 158 258 217 712 1287 870 782 969 733 430 1377 372 1238 437 904 757 756 437 353 429 744 409 439 486 1020 1317 147 1025 826 448 885 658 1167 1636 1090 1076 1878 462 1302 198 0 916 1016 382 639 465 830 517 994 630 561 914 575 1190 1095 5376 382 1067 283 1126 586 3418 842 668 583 1128 977 154 503 418 986 
267 404 1409 965 879 536 2126 1190 1508 1333 1111 1003 534 1492 1580 768 1455 1265 483 1775 775 2143 1166 601 650 861 951 505 1033 1854 1603 1053 1004 401 739 856 1155 1121 1616 1891 1774 1292 1699 1636 1257 2222 595 2083 1035 1807 1661 1660 831 908 936 1457 838 829 900 1685 2162 904 1387 1336 704 1769 564 1492 2285 1913 1878 1971 542 2147 866 916 0 1682 539 646 860 661 1024 1789 358 1464 1424 1374 1816 1384 4469 1130 1469 826 408 1434 4030 1315 1572 1286 1441 1486 835 898 1245 631 
1484 2014 464 866 2379 1227 667 668 563 366 688 1040 1284 227 132 992 317 806 1275 144 1526 684 843 1149 1096 915 817 1349 1216 985 108 857 1094 1384 1142 929 853 884 583 384 439 551 336 563 753 679 1229 624 666 569 619 633 1428 1229 801 505 1386 1430 859 233 703 869 981 491 1066 309 1291 1008 650 360 628 1718 1218 671 897 1016 1682 0 1239 1140 1456 1236 742 942 1323 656 448 527 276 942 6052 634 907 1274 2017 719 2519 738 599 443 968 503 1153 1494 826 1418 
284 789 919 443 1140 419 1636 867 1012 920 587 523 55 1063 1151 368 1061 984 306 1333 448 1653 687 247 331 460 555 111 661 1384 1161 769 524 159 459 322 639 599 1094 1496 1252 969 1209 1114 778 1732 90 1593 635 1285 1139 1138 460 536 614 967 466 462 577 1242 1672 370 1159 1013 304 1266 329 1279 1859 1427 1408 1783 109 1657 344 382 539 1239 0 392 488 556 701 1319 277 942 1101 865 1413 1171 4999 605 1200 356 792 954 3728 1027 1050 806 1227 1163 332 526 766 655 
486 1016 912 559 1511 109 1628 635 1010 791 741 812 447 950 1038 243 913 635 246 1233 840 1646 976 189 157 323 409 482 1004 1601 1061 419 816 434 99 579 893 853 1134 1349 1292 750 1201 1160 1066 1725 436 1586 594 1327 1214 1213 852 928 394 960 858 854 358 1143 1665 614 809 794 197 1271 258 919 1650 1371 1590 1436 306 1650 513 639 646 1140 392 0 880 209 482 1536 312 1075 882 892 1274 811 5046 760 851 747 1020 1138 3400 681 1095 804 867 861 598 918 1054 384 
678 996 1118 678 1077 907 1644 1120 1069 1150 803 431 451 1280 1368 685 1291 1290 794 1550 156 1478 624 735 806 736 797 502 293 1192 1378 1056 410 587 922 558 612 642 1088 1726 1212 1222 1346 1100 704 1740 511 1543 876 1221 1075 1073 36 226 869 1166 97 39 852 1437 1680 587 1465 1266 728 1261 817 1607 2076 1466 1216 2271 597 1665 598 465 860 1456 488 880 0 1044 956 1127 722 914 1354 990 1630 1535 5312 822 1506 237 999 852 3781 1282 1044 1023 1567 1416 321 38 657 1143 
596 1031 1008 750 1508 273 1725 632 1106 887 932 1003 612 1046 1134 434 1009 620 347 1329 1004 1742 1167 353 342 514 600 647 1195 1697 1157 416 1007 598 201 770 1084 1044 1230 1352 1388 764 1297 1256 1164 1821 600 1682 765 1423 1310 1309 1016 1092 530 1056 1022 1019 548 1239 1761 805 727 808 388 1367 359 832 1636 1467 1686 1311 470 1746 704 830 661 1236 556 209 1044 0 529 1632 476 1171 896 988 1344 724 4848 951 809 912 1034 1234 3386 678 1192 901 781 858 789 1083 1237 187 
840 1394 514 314 1839 569 1231 250 613 394 496 567 757 553 641 335 516 405 618 836 1024 1248 730 491 438 257 159 809 758 1204 664 171 594 787 484 429 648 608 736 951 894 352 804 763 671 1327 714 1188 271 929 817 815 928 745 138 562 902 930 201 745 1267 369 579 396 408 874 633 721 1345 974 1193 1432 646 1252 376 517 1024 742 701 482 956 529 0 1138 665 678 485 494 877 649 5372 458 621 774 1397 740 3170 325 698 407 682 512 653 995 744 711 
1543 1925 776 1106 2171 1623 696 1077 615 874 958 828 1282 989 1044 1346 1053 1437 1611 844 1219 379 664 1493 1474 1262 1180 1370 886 93 1020 1274 925 1418 1538 1065 749 837 492 1234 540 1058 717 464 573 812 1344 444 991 486 438 437 1099 900 1197 824 1056 1101 1255 808 718 1014 1611 1105 1396 650 1627 1751 1168 731 330 2464 1428 737 1118 994 1789 942 1319 1536 1127 1632 1138 0 1553 463 1193 644 1121 1681 6241 903 1650 962 1928 482 2693 1286 518 779 1711 1308 1110 1165 588 1814 
174 728 1051 611 1223 275 1767 831 1149 975 775 757 289 1133 1222 410 1097 911 139 1417 678 1785 921 242 291 502 593 260 896 1618 1245 695 759 179 386 570 887 847 1273 1532 1431 933 1340 1299 1012 1863 338 1724 677 1465 1337 1336 694 770 578 1099 700 696 541 1326 1804 618 1085 977 345 1410 205 1200 1926 1555 1643 1703 189 1789 530 630 358 1323 277 312 722 476 665 1553 0 1190 1065 1015 1458 1092 4786 793 1127 590 731 1189 3675 956 1234 928 1149 1128 580 760 1000 472 
1209 1651 315 673 1959 1163 742 616 154 413 497 537 948 529 617 885 592 976 1151 663 1007 760 330 1032 1013 801 719 1036 674 528 627 813 592 1084 1077 632 373 404 173 975 331 597 431 194 239 839 912 700 530 365 219 217 887 688 736 363 844 889 794 522 779 582 1150 644 936 346 1166 1290 1183 551 545 2003 1022 764 685 561 1464 656 942 1075 914 1171 678 463 1190 0 732 183 879 1220 5924 442 1189 772 1654 62 2879 825 129 318 1250 847 683 953 313 1353 
